407.0	97	-4.39587628866	11111110110010001111101010110101001011011011110100110011001111011011110110110101100100110100001110001010000100111110001000100011100001000000000100111100010001011101111011011110000100110001110101010100
388.0	97	-4.25	10101011001110000101011011100100110010101001110011001111111100001011000101010010010010110110000101001011001110110001111000110101110111100110100010000111001001011000000000011101011010111010011101000000
401.0	95	-4.22105263158	10111011101110100100001011100111101111001000110111001111001110001110101100010100110110110110100101101011001111000011010110110000100110000110110011100101000001111001000001010001010001110110010101011111
402.0	99	-4.06060606061	10000011111100000111001111111110001011001100010010000010110101001001101011000110111111110010001100000111111000001111011011010111011001111000100110011000001010011011101011101110000010100001001110110000
418.0	98	-4.26530612245	10110010000111010010011111011010001011000100010110000000111111001001101011110000010001101111101000110001010111010111101000100111000100101010011100111111001110100011000111001111101101001100001110110100
401.0	95	-4.22105263158	10111011101110100100001011100111101111001000110111001111001110001110101100010100110110110110100101101011001111000011010110110000100110000110110011100101000001111001000001010001010001110110010101011111
407.0	97	-4.39587628866	11111110110010001111101010110101001011011011110100110011001111011011110110110101100100110100001110001010000100111110001000100011100001000000000100111100010001011101111011011110000100110001110101010100
378.0	95	-4.12894736842	10001011111100001111001011111000001011000100010110001000101110011001001011110001111111100110001011000111111000001100011011010111000001110010100110010000001011011110101001101111101010101011101111010101
402.0	99	-4.06060606061	10000011111100000111001111111110001011001100010010000010110101001001101011000110111111110010001100000111111000001111011011010111011001111000100110011000001010011011101011101110000010100001001110110000
418.0	98	-4.26530612245	10110010000111010010011111011010001011000100010110000000111111001001101011110000010001101111101000110001010111010111101000100111000100101010011100111111001110100011000111001111101101001100001110110100
378.0	95	-4.12894736842	10001011111100001111001011111000001011000100010110001000101110011001001011110001111111100110001011000111111000001100011011010111000001110010100110010000001011011110101001101111101010101011101111010101
378.0	95	-4.12894736842	10001011111100001111001011111000001011000100010110001000101110011001001011110001111111100110001011000111111000001100011011010111000001110010100110010000001011011110101001101111101010101011101111010101
407.0	97	-4.39587628866	11111110110010001111101010110101001011011011110100110011001111011011110110110101100100110100001110001010000100111110001000100011100001000000000100111100010001011101111011011110000100110001110101010100
378.0	95	-4.12894736842	10001011111100001111001011111000001011000100010110001000101110011001001011110001111111100110001011000111111000001100011011010111000001110010100110010000001011011110101001101111101010101011101111010101
378.0	95	-4.12894736842	10001011111100001111001011111000001011000100010110001000101110011001001011110001111111100110001011000111111000001100011011010111000001110010100110010000001011011110101001101111101010101011101111010101
378.0	95	-4.12894736842	10001011111100001111001011111000001011000100010110001000101110011001001011110001111111100110001011000111111000001100011011010111000001110010100110010000001011011110101001101111101010101011101111010101
378.0	95	-4.12894736842	10001011111100001111001011111000001011000100010110001000101110011001001011110001111111100110001011000111111000001100011011010111000001110010100110010000001011011110101001101111101010101011101111010101
378.0	95	-4.12894736842	10001011111100001111001011111000001011000100010110001000101110011001001011110001111111100110001011000111111000001100011011010111000001110010100110010000001011011110101001101111101010101011101111010101
397.0	100	-4.12	11100000001001010010111010011111001011010110001001100010011000100111001010111111011000011101000010100011110010101100011010001101010011001011101011110010010001111100100101000001010111110110111001110010
378.0	95	-4.12894736842	10001011111100001111001011111000001011000100010110001000101110011001001011110001111111100110001011000111111000001100011011010111000001110010100110010000001011011110101001101111101010101011101111010101
378.0	95	-4.12894736842	10001011111100001111001011111000001011000100010110001000101110011001001011110001111111100110001011000111111000001100011011010111000001110010100110010000001011011110101001101111101010101011101111010101
376.0	99	-3.79797979798	10001011111111000111001011010000101011110100001110010010100110011001101011110001111101100110001010001011101010000111011000000111000001110010100110000000101001011010101011001111101010101011011111010100
378.0	95	-4.12894736842	10001011111100001111001011111000001011000100010110001000101110011001001011110001111111100110001011000111111000001100011011010111000001110010100110010000001011011110101001101111101010101011101111010101
378.0	95	-4.12894736842	10001011111100001111001011111000001011000100010110001000101110011001001011110001111111100110001011000111111000001100011011010111000001110010100110010000001011011110101001101111101010101011101111010101
378.0	95	-4.12894736842	10001011111100001111001011111000001011000100010110001000101110011001001011110001111111100110001011000111111000001100011011010111000001110010100110010000001011011110101001101111101010101011101111010101
378.0	95	-4.12894736842	10001011111100001111001011111000001011000100010110001000101110011001001011110001111111100110001011000111111000001100011011010111000001110010100110010000001011011110101001101111101010101011101111010101
364.0	99	-3.67676767677	10110111101101010111010001010000101011001100110100010010100110100101000101000101111110100011011111011110010001001000110011001010111001110000100000111010111100010110100101110001001000011001011111101011
387.0	100	-4.02	10100110111101001011000011110000001001001100110010011100100110000111100001001101101110110000011110011000010001110010110111000000111101110101011000001010111010110111100101011001101100011011000111010011
380.0	94	-4.19255319149	10010101111101000011000011010000001001001100010010011000101110010011000011000101111110110000011111011110011001101010110010010110111001110000100000011010011010010110100101111001101000011000010101100011
380.0	94	-4.19255319149	10010101111101000011000011010000001001001100010010011000101110010011000011000101111110110000011111011110011001101010110010010110111001110000100000011010011010010110100101111001101000011000010101100011
380.0	94	-4.19255319149	10010101111101000011000011010000001001001100010010011000101110010011000011000101111110110000011111011110011001101010110010010110111001110000100000011010011010010110100101111001101000011000010101100011
380.0	94	-4.19255319149	10010101111101000011000011010000001001001100010010011000101110010011000011000101111110110000011111011110011001101010110010010110111001110000100000011010011010010110100101111001101000011000010101100011
380.0	94	-4.19255319149	10010101111101000011000011010000001001001100010010011000101110010011000011000101111110110000011111011110011001101010110010010110111001110000100000011010011010010110100101111001101000011000010101100011
380.0	94	-4.19255319149	10010101111101000011000011010000001001001100010010011000101110010011000011000101111110110000011111011110011001101010110010010110111001110000100000011010011010010110100101111001101000011000010101100011
380.0	94	-4.19255319149	10010101111101000011000011010000001001001100010010011000101110010011000011000101111110110000011111011110011001101010110010010110111001110000100000011010011010010110100101111001101000011000010101100011
380.0	94	-4.19255319149	10010101111101000011000011010000001001001100010010011000101110010011000011000101111110110000011111011110011001101010110010010110111001110000100000011010011010010110100101111001101000011000010101100011
371.0	99	-3.89747474747	11011110111101011010100101110001001101010100011010101010010110010001000011101110101110011011010011011000011001101010110001010000011000111010101101101010000010010110101100111100101010000100011101111001
380.0	94	-4.19255319149	10010101111101000011000011010000001001001100010010011000101110010011000011000101111110110000011111011110011001101010110010010110111001110000100000011010011010010110100101111001101000011000010101100011
364.0	99	-3.67676767677	10110111101101010111010001010000101011001100110100010010100110100101000101000101111110100011011111011110010001001000110011001010111001110000100000111010111100010110100101110001001000011001011111101011
403.0	99	-4.07070707071	01010101111001001011100100010110001011011100000010101000011110000011000011000001111100100011000100111110010011011000110001101010101111110100101010111010101010001111110101000011011000011001001101111011
380.0	94	-4.19255319149	10010101111101000011000011010000001001001100010010011000101110010011000011000101111110110000011111011110011001101010110010010110111001110000100000011010011010010110100101111001101000011000010101100011
364.0	99	-3.67676767677	10110111101101010111010001010000101011001100110100010010100110100101000101000101111110100011011111011110010001001000110011001010111001110000100000111010111100010110100101110001001000011001011111101011
364.0	99	-3.67676767677	10110111101101010111010001010000101011001100110100010010100110100101000101000101111110100011011111011110010001001000110011001010111001110000100000111010111100010110100101110001001000011001011111101011
380.0	94	-4.19255319149	10010101111101000011000011010000001001001100010010011000101110010011000011000101111110110000011111011110011001101010110010010110111001110000100000011010011010010110100101111001101000011000010101100011
380.0	94	-4.19255319149	10010101111101000011000011010000001001001100010010011000101110010011000011000101111110110000011111011110011001101010110010010110111001110000100000011010011010010110100101111001101000011000010101100011
411.0	100	-4.11	10001110101011111000101001011110001010001010001100010100100000110111011101101011001111110010011011101011011001111100110101001101111000100110100001101001000000111000110110010011010111001100001001100100
364.0	99	-3.67676767677	10110111101101010111010001010000101011001100110100010010100110100101000101000101111110100011011111011110010001001000110011001010111001110000100000111010111100010110100101110001001000011001011111101011
411.0	100	-4.11	10001110101011111000101001011110001010001010001100010100100000110111011101101011001111110010011011101011011001111100110101001101111000100110100001101001000000111000110110010011010111001100001001100100
380.0	94	-4.19255319149	10010101111101000011000011010000001001001100010010011000101110010011000011000101111110110000011111011110011001101010110010010110111001110000100000011010011010010110100101111001101000011000010101100011
364.0	99	-3.67676767677	10110111101101010111010001010000101011001100110100010010100110100101000101000101111110100011011111011110010001001000110011001010111001110000100000111010111100010110100101110001001000011001011111101011
364.0	99	-3.67676767677	10110111101101010111010001010000101011001100110100010010100110100101000101000101111110100011011111011110010001001000110011001010111001110000100000111010111100010110100101110001001000011001011111101011
385.0	99	-4.03888888889	00110111101101011111011001010000101011001000110100011001001000010011000011000101111110110000011111111110011001101011000000100010111001110000100000001110111110010110100101110011001100010000111111101011
364.0	99	-3.67676767677	10110111101101010111010001010000101011001100110100010010100110100101000101000101111110100011011111011110010001001000110011001010111001110000100000111010111100010110100101110001001000011001011111101011
411.0	100	-4.11	10001110101011111000101001011110001010001010001100010100100000110111011101101011001111110010011011101011011001111100110101001101111000100110100001101001000000111000110110010011010111001100001001100100
380.0	94	-4.19255319149	10010101111101000011000011010000001001001100010010011000101110010011000011000101111110110000011111011110011001101010110010010110111001110000100000011010011010010110100101111001101000011000010101100011
370.0	100	-3.85	10100111101001011111111011010001101011001001100010010010100110000111000101000101111010110011011111111110010001011000010011001010111011110000101000011000101100010110100100110001000000001101011011100111
364.0	99	-3.67676767677	10110111101101010111010001010000101011001100110100010010100110100101000101000101111110100011011111011110010001001000110011001010111001110000100000111010111100010110100101110001001000011001011111101011
364.0	99	-3.67676767677	10110111101101010111010001010000101011001100110100010010100110100101000101000101111110100011011111011110010001001000110011001010111001110000100000111010111100010110100101110001001000011001011111101011
364.0	99	-3.67676767677	10110111101101010111010001010000101011001100110100010010100110100101000101000101111110100011011111011110010001001000110011001010111001110000100000111010111100010110100101110001001000011001011111101011
380.0	94	-4.19255319149	10010101111101000011000011010000001001001100010010011000101110010011000011000101111110110000011111011110011001101010110010010110111001110000100000011010011010010110100101111001101000011000010101100011
367.0	96	-3.97291666667	11110111101110110110001101001100011010100110010000101100010010000110010110101001011011001011010111110100011001011000110110000100100001110000000000110000111000000111110100110000101011001101110110101110
355.0	93	-3.81720430108	01100111100011110011000001101100000000110010110101001000111010001110011010101011000011101001100010110101000001001101011100100111000100001100011011100100101000110111001001110111100000001011010001011110
367.0	96	-3.97291666667	11110111101110110110001101001100011010100110010000101100010010000110010110101001011011001011010111110100011001011000110110000100100001110000000000110000111000000111110100110000101011001101110110101110
355.0	93	-3.81720430108	01100111100011110011000001101100000000110010110101001000111010001110011010101011000011101001100010110101000001001101011100100111000100001100011011100100101000110111001001110111100000001011010001011110
384.0	99	-3.87878787879	01010101100010110010111101100001001011100110010100001100000001100110011100100001001001001001010011100100011011001111011111100010110001000011111111100101011110010110011001100010101001101011110010111010
367.0	96	-3.97291666667	11110111101110110110001101001100011010100110010000101100010010000110010110101001011011001011010111110100011001011000110110000100100001110000000000110000111000000111110100110000101011001101110110101110
373.0	100	-3.93	01110111101110101010001000000100010100000111010000101110000000100111110111011011011111101010010001111001010001001010111101000100111101001100011000110101111000100111000101110100100010011011010010111011
383.0	99	-3.86868686869	10001001101100111101101000101110100000101110001111111101011011011011110010010011001111110001000011100100101010010100101010101110100100100001110001110011110100001110011100101010000001010010111011100001
383.0	99	-3.86868686869	10001001101100111101101000101110100000101110001111111101011011011011110010010011001111110001000011100100101010010100101010101110100100100001110001110011110100001110011100101010000001010010111011100001
377.0	97	-4.08659793814	10011100000110111111100000101000001010100110010101111000101011001010101110010011101111111001010011101100101011000101101010101110100001101011100001111001110110001110011100110011001000010010111011101000
383.0	99	-3.86868686869	10001001101100111101101000101110100000101110001111111101011011011011110010010011001111110001000011100100101010010100101010101110100100100001110001110011110100001110011100101010000001010010111011100001
383.0	99	-3.86868686869	10001001101100111101101000101110100000101110001111111101011011011011110010010011001111110001000011100100101010010100101010101110100100100001110001110011110100001110011100101010000001010010111011100001
383.0	99	-3.86868686869	10001001101100111101101000101110100000101110001111111101011011011011110010010011001111110001000011100100101010010100101010101110100100100001110001110011110100001110011100101010000001010010111011100001
383.0	99	-3.86868686869	10001001101100111101101000101110100000101110001111111101011011011011110010010011001111110001000011100100101010010100101010101110100100100001110001110011110100001110011100101010000001010010111011100001
385.0	100	-3.85	11110111111101111100001001010001100000111100111000111010110001101110010101000010010001001000001101110111000101000110000101001110101010100110010011110110010110001000100101011100000110010111011100111101
385.0	100	-3.85	11110111111101111100001001010001100000111100111000111010110001101110010101000010010001001000001101110111000101000110000101001110101010100110010011110110010110001000100101011100000110010111011100111101
385.0	100	-3.85	11110111111101111100001001010001100000111100111000111010110001101110010101000010010001001000001101110111000101000110000101001110101010100110010011110110010110001000100101011100000110010111011100111101
385.0	100	-3.85	11110111111101111100001001010001100000111100111000111010110001101110010101000010010001001000001101110111000101000110000101001110101010100110010011110110010110001000100101011100000110010111011100111101
385.0	100	-3.85	11110111111101111100001001010001100000111100111000111010110001101110010101000010010001001000001101110111000101000110000101001110101010100110010011110110010110001000100101011100000110010111011100111101
385.0	100	-3.85	11110111111101111100001001010001100000111100111000111010110001101110010101000010010001001000001101110111000101000110000101001110101010100110010011110110010110001000100101011100000110010111011100111101
385.0	100	-3.85	11110111111101111100001001010001100000111100111000111010110001101110010101000010010001001000001101110111000101000110000101001110101010100110010011110110010110001000100101011100000110010111011100111101
385.0	100	-3.85	11110111111101111100001001010001100000111100111000111010110001101110010101000010010001001000001101110111000101000110000101001110101010100110010011110110010110001000100101011100000110010111011100111101
385.0	100	-3.85	11110111111101111100001001010001100000111100111000111010110001101110010101000010010001001000001101110111000101000110000101001110101010100110010011110110010110001000100101011100000110010111011100111101
385.0	100	-3.85	11110111111101111100001001010001100000111100111000111010110001101110010101000010010001001000001101110111000101000110000101001110101010100110010011110110010110001000100101011100000110010111011100111101
385.0	100	-3.85	11110111111101111100001001010001100000111100111000111010110001101110010101000010010001001000001101110111000101000110000101001110101010100110010011110110010110001000100101011100000110010111011100111101
385.0	100	-3.85	11110111111101111100001001010001100000111100111000111010110001101110010101000010010001001000001101110111000101000110000101001110101010100110010011110110010110001000100101011100000110010111011100111101
377.0	100	-3.77	01100111111010101001000111001101001110001100000010000010011011101011010111100111000010011110000011010001110100001111000010010100001110101110011001010001110101000101111111011100101100001011111000101110
377.0	100	-3.77	01100111111010101001000111001101001110001100000010000010011011101011010111100111000010011110000011010001110100001111000010010100001110101110011001010001110101000101111111011100101100001011111000101110
377.0	100	-3.77	01100111111010101001000111001101001110001100000010000010011011101011010111100111000010011110000011010001110100001111000010010100001110101110011001010001110101000101111111011100101100001011111000101110
377.0	100	-3.77	01100111111010101001000111001101001110001100000010000010011011101011010111100111000010011110000011010001110100001111000010010100001110101110011001010001110101000101111111011100101100001011111000101110
377.0	100	-3.77	01100111111010101001000111001101001110001100000010000010011011101011010111100111000010011110000011010001110100001111000010010100001110101110011001010001110101000101111111011100101100001011111000101110
374.0	99	-3.92777777778	00110110110011100001001111001101000111000010000011010110000011111011110101111110010010010010000111010001010101010111010010000110001110111101001010010000101101001101111111000101101110000011111000101110
374.0	99	-3.92777777778	00110110110011100001001111001101000111000010000011010110000011111011110101111110010010010010000111010001010101010111010010000110001110111101001010010000101101001101111111000101101110000011111000101110
377.0	100	-3.77	01100111111010101001000111001101001110001100000010000010011011101011010111100111000010011110000011010001110100001111000010010100001110101110011001010001110101000101111111011100101100001011111000101110
377.0	100	-3.77	01100111111010101001000111001101001110001100000010000010011011101011010111100111000010011110000011010001110100001111000010010100001110101110011001010001110101000101111111011100101100001011111000101110
377.0	100	-3.77	01100111111010101001000111001101001110001100000010000010011011101011010111100111000010011110000011010001110100001111000010010100001110101110011001010001110101000101111111011100101100001011111000101110
377.0	100	-3.77	01100111111010101001000111001101001110001100000010000010011011101011010111100111000010011110000011010001110100001111000010010100001110101110011001010001110101000101111111011100101100001011111000101110
378.0	93	-4.06451612903	01110011110000011011000011000010000100001101010000110111011000001000110100100110111000000010010111011000101101011001001011001111010010001111010000001111011010110011010111011010111001010001000110100011
377.0	100	-3.77	01100111111010101001000111001101001110001100000010000010011011101011010111100111000010011110000011010001110100001111000010010100001110101110011001010001110101000101111111011100101100001011111000101110
377.0	100	-3.77	01100111111010101001000111001101001110001100000010000010011011101011010111100111000010011110000011010001110100001111000010010100001110101110011001010001110101000101111111011100101100001011111000101110
377.0	96	-3.92708333333	01011111011001010100001010000110011111100001000101111100010110011110010100100001000100011100010001000100110110010000101000101011011000001011110010011001010011111010001101111011110011010101100110000111
357.0	100	-3.57	01010011011000011100000111110000001110101101001100101000110101110010011110100001000100001100010111000110111100001010111110101011100100001111010011111101110101001000001110010101010011111010000010110111
357.0	100	-3.57	01010011011000011100000111110000001110101101001100101000110101110010011110100001000100001100010111000110111100001010111110101011100100001111010011111101110101001000001110010101010011111010000010110111
372.0	98	-3.79591836735	01011111011001010000001010000110000110100001000101101100010110011110000000101101111110000101011111000110111100001000011010101101001001010011110101011101010101001001010101111011110011001101100000001111
357.0	100	-3.57	01010011011000011100000111110000001110101101001100101000110101110010011110100001000100001100010111000110111100001010111110101011100100001111010011111101110101001000001110010101010011111010000010110111
357.0	100	-3.57	01010011011000011100000111110000001110101101001100101000110101110010011110100001000100001100010111000110111100001010111110101011100100001111010011111101110101001000001110010101010011111010000010110111
413.0	98	-4.41428571429	00011101001101010100100001101111010110100001011101101110000110110111100111001100100000101100010101101010000001001001110011010000100101011111001110101101010100100001101001010011011001011011010110001011
357.0	100	-3.57	01010011011000011100000111110000001110101101001100101000110101110010011110100001000100001100010111000110111100001010111110101011100100001111010011111101110101001000001110010101010011111010000010110111
357.0	100	-3.57	01010011011000011100000111110000001110101101001100101000110101110010011110100001000100001100010111000110111100001010111110101011100100001111010011111101110101001000001110010101010011111010000010110111
357.0	100	-3.57	01010011011000011100000111110000001110101101001100101000110101110010011110100001000100001100010111000110111100001010111110101011100100001111010011111101110101001000001110010101010011111010000010110111
357.0	100	-3.57	01010011011000011100000111110000001110101101001100101000110101110010011110100001000100001100010111000110111100001010111110101011100100001111010011111101110101001000001110010101010011111010000010110111
357.0	100	-3.57	01010011011000011100000111110000001110101101001100101000110101110010011110100001000100001100010111000110111100001010111110101011100100001111010011111101110101001000001110010101010011111010000010110111
357.0	100	-3.57	01010011011000011100000111110000001110101101001100101000110101110010011110100001000100001100010111000110111100001010111110101011100100001111010011111101110101001000001110010101010011111010000010110111
357.0	100	-3.57	01010011011000011100000111110000001110101101001100101000110101110010011110100001000100001100010111000110111100001010111110101011100100001111010011111101110101001000001110010101010011111010000010110111
338.0	98	-3.44897959184	00100010110100001110001101101010101111101000100110101011100111011000011001111001110011010000000001000001011100110100001111101110011010100100101001110111110000010101110111011111000011011011001101110001
338.0	98	-3.44897959184	00100010110100001110001101101010101111101000100110101011100111011000011001111001110011010000000001000001011100110100001111101110011010100100101001110111110000010101110111011111000011011011001101110001
338.0	98	-3.44897959184	00100010110100001110001101101010101111101000100110101011100111011000011001111001110011010000000001000001011100110100001111101110011010100100101001110111110000010101110111011111000011011011001101110001
338.0	98	-3.44897959184	00100010110100001110001101101010101111101000100110101011100111011000011001111001110011010000000001000001011100110100001111101110011010100100101001110111110000010101110111011111000011011011001101110001
338.0	98	-3.44897959184	00100010110100001110001101101010101111101000100110101011100111011000011001111001110011010000000001000001011100110100001111101110011010100100101001110111110000010101110111011111000011011011001101110001
338.0	98	-3.44897959184	00100010110100001110001101101010101111101000100110101011100111011000011001111001110011010000000001000001011100110100001111101110011010100100101001110111110000010101110111011111000011011011001101110001
352.0	99	-3.55555555556	00100010110100000100001001101010101111101000100100100001100111010100011001111101110011110000101001000001010100110101001111101111011010100100101011010111110000000111110111011110000010011011001101110001
338.0	98	-3.44897959184	00100010110100001110001101101010101111101000100110101011100111011000011001111001110011010000000001000001011100110100001111101110011010100100101001110111110000010101110111011111000011011011001101110001
338.0	98	-3.44897959184	00100010110100001110001101101010101111101000100110101011100111011000011001111001110011010000000001000001011100110100001111101110011010100100101001110111110000010101110111011111000011011011001101110001
338.0	98	-3.44897959184	00100010110100001110001101101010101111101000100110101011100111011000011001111001110011010000000001000001011100110100001111101110011010100100101001110111110000010101110111011111000011011011001101110001
338.0	98	-3.44897959184	00100010110100001110001101101010101111101000100110101011100111011000011001111001110011010000000001000001011100110100001111101110011010100100101001110111110000010101110111011111000011011011001101110001
338.0	98	-3.44897959184	00100010110100001110001101101010101111101000100110101011100111011000011001111001110011010000000001000001011100110100001111101110011010100100101001110111110000010101110111011111000011011011001101110001
338.0	98	-3.44897959184	00100010110100001110001101101010101111101000100110101011100111011000011001111001110011010000000001000001011100110100001111101110011010100100101001110111110000010101110111011111000011011011001101110001
