150
14104
1 3
1 5
1 6
1 10
1 13
1 17
1 18
1 24
1 25
1 28
1 29
1 30
1 31
1 32
1 36
1 39
1 40
1 42
1 43
1 45
1 50
1 54
1 55
1 57
1 58
1 60
1 63
1 65
1 68
1 69
1 71
1 74
1 77
1 82
1 91
1 110
1 112
1 113
1 117
1 118
1 119
1 120
1 122
1 123
1 128
1 129
1 138
1 139
1 140
1 141
1 143
1 145
1 2
1 7
1 9
1 12
1 14
1 20
1 21
1 22
1 26
1 33
1 34
1 38
1 41
1 47
1 49
1 51
1 56
1 62
1 64
1 67
1 70
1 80
1 92
1 94
1 102
1 104
1 107
1 116
1 121
1 126
1 130
1 132
1 134
1 135
1 136
1 142
1 147
1 148
2 3
2 5
2 14
2 17
2 18
2 21
2 22
2 23
2 24
2 25
2 32
2 34
2 37
2 38
2 39
2 42
2 43
2 47
2 52
2 53
2 54
2 60
2 61
2 63
2 65
2 67
2 68
2 73
2 75
2 83
2 86
2 87
2 91
2 93
2 99
2 101
2 104
2 105
2 106
2 110
2 111
2 114
2 117
2 120
2 122
2 128
2 129
2 132
2 133
2 136
2 137
2 141
2 1
2 4
2 7
2 15
2 16
2 19
2 27
2 31
2 36
2 41
2 49
2 51
2 55
2 57
2 58
2 71
2 72
2 74
2 76
2 80
2 81
2 82
2 84
2 88
2 92
2 96
2 97
2 107
2 109
2 113
2 116
2 118
2 119
2 123
2 125
2 127
2 135
2 138
2 139
2 142
2 145
2 146
2 148
3 1
3 2
3 4
3 11
3 21
3 27
3 35
3 37
3 38
3 39
3 41
3 42
3 46
3 52
3 53
3 54
3 56
3 60
3 62
3 63
3 64
3 65
3 67
3 68
3 71
3 73
3 75
3 78
3 79
3 81
3 83
3 84
3 85
3 86
3 87
3 88
3 91
3 92
3 93
3 94
3 97
3 98
3 101
3 105
3 106
3 107
3 113
3 118
3 121
3 123
3 124
3 128
3 129
3 130
3 132
3 134
3 135
3 138
3 139
3 141
3 143
3 6
3 7
3 8
3 9
3 12
3 17
3 19
3 22
3 24
3 30
3 31
3 32
3 36
3 43
3 44
3 48
3 51
3 57
3 59
3 61
3 66
3 72
3 74
3 77
3 80
3 90
3 102
3 104
3 112
3 114
3 117
3 126
3 131
3 136
3 140
3 142
3 144
3 145
3 146
4 3
4 6
4 10
4 12
4 15
4 17
4 21
4 32
4 34
4 36
4 38
4 42
4 45
4 46
4 47
4 51
4 52
4 55
4 57
4 58
4 62
4 65
4 66
4 68
4 74
4 75
4 76
4 78
4 80
4 82
4 91
4 101
4 105
4 112
4 116
4 118
4 120
4 122
4 123
4 124
4 126
4 127
4 129
4 132
4 134
4 138
4 141
4 143
4 145
4 149
4 2
4 8
4 13
4 14
4 16
4 19
4 27
4 28
4 31
4 39
4 43
4 48
4 53
4 61
4 63
4 67
4 69
4 70
4 83
4 84
4 86
4 88
4 92
4 93
4 94
4 96
4 100
4 104
4 108
4 109
4 119
4 121
4 125
4 128
4 130
4 131
4 135
4 137
4 139
4 147
5 1
5 2
5 6
5 9
5 12
5 16
5 18
5 19
5 24
5 28
5 29
5 35
5 37
5 40
5 41
5 42
5 43
5 47
5 49
5 51
5 52
5 54
5 56
5 59
5 60
5 63
5 64
5 66
5 68
5 72
5 76
5 77
5 78
5 79
5 81
5 82
5 83
5 84
5 89
5 92
5 95
5 97
5 98
5 100
5 103
5 106
5 107
5 108
5 110
5 113
5 114
5 115
5 119
5 121
5 122
5 132
5 137
5 146
5 147
5 7
5 8
5 11
5 14
5 15
5 17
5 20
5 21
5 22
5 23
5 26
5 31
5 33
5 36
5 38
5 44
5 45
5 46
5 50
5 57
5 58
5 62
5 65
5 71
5 73
5 75
5 80
5 86
5 88
5 91
5 94
5 104
5 116
5 118
5 126
5 128
5 131
5 140
5 145
6 1
6 4
6 5
6 11
6 15
6 21
6 23
6 25
6 26
6 28
6 33
6 34
6 37
6 40
6 41
6 46
6 49
6 50
6 51
6 52
6 54
6 58
6 60
6 62
6 63
6 66
6 71
6 72
6 73
6 75
6 80
6 81
6 84
6 88
6 96
6 97
6 101
6 103
6 105
6 111
6 114
6 117
6 123
6 127
6 128
6 129
6 131
6 134
6 136
6 139
6 140
6 143
6 145
6 3
6 8
6 12
6 14
6 16
6 17
6 18
6 24
6 29
6 30
6 32
6 35
6 43
6 44
6 47
6 55
6 59
6 64
6 69
6 77
6 79
6 83
6 85
6 86
6 99
6 100
6 102
6 104
6 108
6 109
6 110
6 112
6 116
6 120
6 124
6 125
6 135
6 137
6 141
6 144
6 146
6 147
7 9
7 11
7 18
7 19
7 20
7 21
7 23
7 24
7 27
7 28
7 31
7 34
7 43
7 45
7 46
7 50
7 52
7 57
7 58
7 59
7 60
7 67
7 69
7 72
7 73
7 74
7 78
7 79
7 84
7 88
7 90
7 92
7 96
7 97
7 100
7 101
7 102
7 107
7 108
7 110
7 111
7 113
7 114
7 115
7 116
7 117
7 119
7 121
7 123
7 126
7 127
7 129
7 133
7 135
7 137
7 141
7 142
7 147
7 148
7 1
7 2
7 3
7 5
7 10
7 12
7 14
7 22
7 25
7 26
7 29
7 32
7 33
7 35
7 38
7 39
7 40
7 41
7 44
7 49
7 51
7 54
7 56
7 62
7 63
7 64
7 68
7 75
7 76
7 80
7 83
7 89
7 91
7 93
7 98
7 104
7 106
7 109
7 112
7 122
7 134
7 136
7 144
7 146
8 10
8 11
8 12
8 13
8 14
8 19
8 22
8 29
8 30
8 33
8 39
8 45
8 47
8 48
8 58
8 59
8 61
8 62
8 69
8 73
8 74
8 78
8 83
8 85
8 88
8 92
8 93
8 95
8 96
8 98
8 100
8 101
8 102
8 104
8 107
8 108
8 110
8 112
8 116
8 118
8 121
8 123
8 125
8 131
8 133
8 134
8 135
8 138
8 139
8 143
8 146
8 147
8 148
8 149
8 3
8 4
8 5
8 6
8 9
8 18
8 23
8 28
8 32
8 34
8 36
8 37
8 38
8 44
8 49
8 50
8 52
8 55
8 63
8 64
8 67
8 75
8 79
8 84
8 89
8 97
8 99
8 103
8 105
8 106
8 119
8 120
8 122
8 124
8 128
8 129
8 130
8 132
8 136
8 140
8 144
8 145
9 5
9 7
9 10
9 11
9 12
9 17
9 20
9 26
9 29
9 35
9 37
9 39
9 42
9 49
9 50
9 56
9 58
9 59
9 65
9 69
9 70
9 72
9 75
9 80
9 82
9 83
9 91
9 94
9 96
9 99
9 100
9 101
9 103
9 104
9 108
9 110
9 112
9 117
9 119
9 121
9 122
9 124
9 125
9 127
9 129
9 132
9 140
9 143
9 145
9 146
9 148
9 1
9 3
9 8
9 16
9 18
9 22
9 25
9 27
9 28
9 32
9 34
9 36
9 44
9 47
9 48
9 51
9 54
9 55
9 57
9 60
9 61
9 62
9 63
9 66
9 71
9 73
9 76
9 78
9 84
9 85
9 86
9 90
9 97
9 98
9 102
9 105
9 111
9 113
9 115
9 120
9 126
9 128
9 131
9 134
9 144
10 1
10 4
10 8
10 9
10 11
10 13
10 15
10 16
10 21
10 22
10 23
10 24
10 26
10 27
10 31
10 34
10 35
10 45
10 48
10 49
10 54
10 55
10 57
10 59
10 64
10 69
10 71
10 77
10 78
10 81
10 82
10 83
10 85
10 94
10 95
10 98
10 100
10 101
10 102
10 104
10 107
10 109
10 110
10 114
10 116
10 117
10 118
10 126
10 128
10 133
10 137
10 140
10 145
10 7
10 18
10 20
10 28
10 30
10 33
10 42
10 47
10 52
10 56
10 58
10 60
10 61
10 62
10 68
10 73
10 74
10 76
10 79
10 87
10 88
10 91
10 99
10 103
10 108
10 113
10 121
10 123
10 127
10 129
10 130
10 143
10 144
10 146
10 148
11 3
11 6
11 7
11 8
11 9
11 10
11 12
11 14
11 18
11 21
11 25
11 26
11 28
11 29
11 33
11 34
11 35
11 36
11 37
11 40
11 41
11 45
11 46
11 49
11 56
11 57
11 59
11 63
11 64
11 65
11 67
11 68
11 69
11 75
11 79
11 84
11 91
11 93
11 96
11 98
11 100
11 105
11 106
11 113
11 114
11 120
11 122
11 125
11 134
11 136
11 140
11 145
11 5
11 15
11 16
11 17
11 19
11 23
11 27
11 31
11 32
11 42
11 44
11 48
11 51
11 53
11 54
11 58
11 60
11 62
11 70
11 73
11 74
11 77
11 80
11 81
11 83
11 86
11 87
11 88
11 89
11 92
11 97
11 99
11 102
11 104
11 110
11 111
11 112
11 116
11 123
11 124
11 128
11 131
11 137
11 139
11 141
11 146
12 4
12 5
12 8
12 9
12 11
12 13
12 15
12 17
12 19
12 20
12 22
12 25
12 27
12 29
12 31
12 32
12 36
12 40
12 41
12 42
12 45
12 47
12 50
12 51
12 53
12 54
12 63
12 64
12 67
12 68
12 69
12 72
12 74
12 77
12 78
12 79
12 81
12 83
12 87
12 95
12 100
12 103
12 105
12 109
12 113
12 114
12 122
12 123
12 125
12 126
12 129
12 133
12 134
12 135
12 137
12 144
12 145
12 148
12 1
12 3
12 6
12 7
12 16
12 18
12 21
12 24
12 34
12 46
12 48
12 56
12 58
12 61
12 70
12 75
12 80
12 84
12 86
12 88
12 89
12 90
12 96
12 101
12 102
12 104
12 107
12 115
12 116
12 119
12 127
12 131
12 136
12 141
13 1
13 8
13 10
13 12
13 17
13 18
13 24
13 26
13 27
13 28
13 30
13 31
13 33
13 35
13 38
13 48
13 51
13 52
13 56
13 58
13 63
13 65
13 68
13 69
13 71
13 75
13 76
13 80
13 85
13 86
13 91
13 95
13 96
13 97
13 98
13 99
13 105
13 106
13 112
13 120
13 125
13 126
13 128
13 135
13 137
13 138
13 139
13 143
13 144
13 149
13 4
13 14
13 16
13 20
13 22
13 23
13 36
13 37
13 39
13 41
13 45
13 46
13 47
13 49
13 53
13 57
13 61
13 62
13 72
13 74
13 78
13 81
13 83
13 84
13 88
13 90
13 92
13 100
13 103
13 104
13 107
13 110
13 111
13 113
13 116
13 117
13 118
13 119
13 122
13 127
13 129
13 132
13 134
13 140
13 141
13 142
13 146
14 2
14 8
14 11
14 22
14 23
14 25
14 28
14 29
14 30
14 31
14 36
14 40
14 43
14 44
14 45
14 47
14 54
14 58
14 61
14 62
14 63
14 68
14 69
14 70
14 72
14 74
14 75
14 76
14 81
14 82
14 83
14 94
14 95
14 97
14 100
14 108
14 109
14 114
14 115
14 117
14 123
14 124
14 126
14 127
14 129
14 131
14 132
14 135
14 138
14 141
14 142
14 146
14 149
14 1
14 4
14 5
14 6
14 7
14 13
14 19
14 20
14 24
14 27
14 33
14 35
14 37
14 42
14 48
14 50
14 53
14 56
14 66
14 78
14 80
14 88
14 90
14 93
14 102
14 107
14 112
14 116
14 118
14 120
14 121
14 122
14 128
14 133
14 134
14 136
14 139
14 147
14 148
15 4
15 6
15 10
15 12
15 19
15 21
15 23
15 24
15 25
15 27
15 29
15 37
15 42
15 43
15 46
15 47
15 49
15 52
15 53
15 55
15 58
15 60
15 61
15 62
15 67
15 68
15 72
15 76
15 77
15 82
15 84
15 85
15 86
15 90
15 92
15 93
15 94
15 97
15 98
15 100
15 103
15 104
15 105
15 107
15 114
15 116
15 121
15 123
15 125
15 128
15 129
15 130
15 131
15 135
15 136
15 139
15 142
15 146
15 149
15 2
15 5
15 11
15 18
15 26
15 30
15 35
15 40
15 48
15 50
15 54
15 56
15 57
15 70
15 71
15 73
15 75
15 79
15 80
15 81
15 83
15 87
15 91
15 95
15 96
15 106
15 108
15 112
15 115
15 117
15 118
15 122
15 124
15 126
15 134
15 137
15 138
15 141
15 144
15 145
15 147
16 5
16 10
16 23
16 25
16 27
16 28
16 30
16 32
16 33
16 37
16 38
16 39
16 45
16 47
16 49
16 50
16 51
16 53
16 57
16 61
16 64
16 67
16 68
16 70
16 75
16 77
16 81
16 82
16 83
16 85
16 91
16 100
16 104
16 107
16 108
16 113
16 115
16 117
16 118
16 125
16 130
16 134
16 135
16 137
16 140
16 142
16 144
16 145
16 146
16 149
16 2
16 4
16 6
16 9
16 11
16 12
16 13
16 18
16 19
16 20
16 21
16 24
16 29
16 31
16 34
16 36
16 42
16 43
16 44
16 48
16 55
16 56
16 60
16 63
16 69
16 71
16 73
16 78
16 84
16 86
16 89
16 92
16 102
16 114
16 116
16 124
16 126
16 129
16 138
16 143
16 148
17 1
17 2
17 4
17 9
17 12
17 13
17 19
17 20
17 22
17 24
17 28
17 30
17 31
17 32
17 35
17 36
17 40
17 43
17 49
17 50
17 54
17 55
17 58
17 59
17 60
17 61
17 62
17 63
17 65
17 69
17 70
17 72
17 74
17 75
17 80
17 85
17 90
17 97
17 99
17 100
17 104
17 105
17 107
17 114
17 116
17 120
17 123
17 126
17 128
17 135
17 138
17 139
17 142
17 149
17 3
17 5
17 6
17 11
17 21
17 23
17 25
17 26
17 27
17 33
17 38
17 39
17 41
17 44
17 52
17 53
17 56
17 64
17 68
17 73
17 78
17 86
17 88
17 92
17 94
17 95
17 108
17 109
17 111
17 113
17 117
17 118
17 119
17 121
17 125
17 129
17 133
17 134
17 144
17 146
18 1
18 2
18 5
18 7
18 11
18 13
18 19
18 24
18 27
18 28
18 33
18 36
18 37
18 38
18 47
18 48
18 56
18 62
18 65
18 66
18 67
18 70
18 78
18 79
18 80
18 86
18 87
18 89
18 90
18 91
18 92
18 97
18 99
18 101
18 104
18 105
18 108
18 112
18 114
18 121
18 122
18 125
18 127
18 133
18 134
18 143
18 144
18 146
18 148
18 6
18 8
18 9
18 10
18 12
18 15
18 16
18 20
18 23
18 25
18 26
18 30
18 32
18 34
18 42
18 45
18 46
18 49
18 52
18 53
18 55
18 58
18 59
18 60
18 61
18 64
18 69
18 71
18 74
18 76
18 82
18 83
18 84
18 88
18 95
18 96
18 100
18 103
18 109
18 111
18 113
18 118
18 124
18 126
18 129
18 132
18 142
19 5
19 7
19 8
19 12
19 15
19 17
19 18
19 20
19 21
19 28
19 30
19 31
19 33
19 34
19 36
19 38
19 43
19 45
19 53
19 57
19 58
19 62
19 66
19 70
19 74
19 77
19 85
19 87
19 88
19 89
19 93
19 102
19 103
19 104
19 108
19 109
19 112
19 113
19 114
19 118
19 119
19 122
19 124
19 127
19 131
19 133
19 135
19 138
19 139
19 140
19 141
19 143
19 144
19 145
19 146
19 148
19 149
19 2
19 3
19 4
19 11
19 14
19 16
19 25
19 27
19 35
19 37
19 40
19 49
19 54
19 59
19 63
19 65
19 67
19 68
19 69
19 75
19 80
19 81
19 83
19 86
19 94
19 95
19 98
19 106
19 110
19 115
19 120
19 128
19 130
19 134
19 136
19 137
20 7
20 9
20 12
20 17
20 19
20 21
20 24
20 29
20 34
20 36
20 38
20 41
20 42
20 44
20 45
20 49
20 51
20 52
20 53
20 57
20 61
20 62
20 66
20 71
20 80
20 83
20 84
20 88
20 94
20 100
20 107
20 109
20 112
20 114
20 116
20 124
20 125
20 129
20 131
20 133
20 134
20 135
20 137
20 142
20 143
20 148
20 1
20 5
20 10
20 13
20 14
20 16
20 18
20 22
20 23
20 25
20 27
20 31
20 32
20 33
20 35
20 39
20 43
20 47
20 48
20 58
20 60
20 64
20 67
20 69
20 70
20 74
20 76
20 78
20 86
20 89
20 90
20 93
20 96
20 97
20 99
20 102
20 103
20 104
20 105
20 108
20 113
20 115
20 118
20 120
20 126
20 127
20 128
20 132
20 139
20 140
20 144
20 147
21 2
21 3
21 4
21 6
21 7
21 10
21 11
21 15
21 19
21 20
21 23
21 24
21 29
21 31
21 33
21 34
21 38
21 39
21 45
21 47
21 50
21 51
21 54
21 56
21 57
21 58
21 60
21 61
21 63
21 65
21 74
21 79
21 80
21 85
21 87
21 88
21 89
21 92
21 96
21 97
21 106
21 107
21 110
21 116
21 117
21 119
21 123
21 130
21 131
21 133
21 136
21 137
21 138
21 139
21 143
21 145
21 148
21 1
21 5
21 12
21 16
21 17
21 26
21 28
21 30
21 35
21 41
21 43
21 46
21 49
21 59
21 71
21 73
21 81
21 83
21 86
21 95
21 100
21 105
21 109
21 111
21 113
21 114
21 115
21 121
21 126
21 127
21 129
21 132
21 140
21 141
21 144
22 2
22 8
22 10
22 12
22 14
22 17
22 23
22 24
22 27
22 28
22 29
22 31
22 36
22 37
22 38
22 46
22 47
22 49
22 51
22 52
22 61
22 63
22 64
22 67
22 68
22 69
22 72
22 77
22 78
22 85
22 88
22 90
22 92
22 93
22 98
22 99
22 100
22 102
22 104
22 109
22 110
22 114
22 116
22 119
22 120
22 123
22 129
22 132
22 133
22 135
22 143
22 148
22 1
22 3
22 5
22 7
22 9
22 13
22 20
22 26
22 30
22 35
22 40
22 48
22 50
22 54
22 56
22 57
22 70
22 71
22 73
22 75
22 79
22 80
22 81
22 83
22 87
22 91
22 95
22 96
22 106
22 108
22 112
22 115
22 117
22 118
22 122
22 124
22 126
22 134
22 137
22 138
22 141
22 144
22 145
22 147
23 2
23 6
23 7
23 10
23 14
23 15
23 16
23 21
23 22
23 24
23 29
23 30
23 37
23 45
23 47
23 48
23 53
23 58
23 59
23 61
23 64
23 65
23 68
23 71
23 72
23 73
23 75
23 77
23 79
23 81
23 82
23 83
23 87
23 89
23 94
23 101
23 105
23 108
23 110
23 111
23 113
23 117
23 118
23 119
23 122
23 125
23 127
23 128
23 129
23 130
23 134
23 135
23 139
23 140
23 141
23 144
23 5
23 8
23 11
23 13
23 17
23 18
23 20
23 25
23 26
23 27
23 28
23 31
23 36
23 38
23 41
23 43
23 49
23 50
23 51
23 55
23 62
23 63
23 67
23 70
23 76
23 78
23 80
23 85
23 91
23 93
23 96
23 99
23 109
23 121
23 123
23 131
23 133
23 136
23 145
24 1
24 2
24 5
24 7
24 10
24 13
24 15
24 17
24 18
24 20
24 21
24 22
24 23
24 25
24 27
24 29
24 32
24 33
24 36
24 38
24 42
24 43
24 44
24 45
24 46
24 50
24 51
24 54
24 57
24 61
24 62
24 63
24 65
24 68
24 72
24 73
24 74
24 75
24 76
24 81
24 83
24 84
24 86
24 89
24 90
24 91
24 93
24 95
24 97
24 99
24 103
24 107
24 110
24 112
24 113
24 120
24 121
24 124
24 128
24 134
24 142
24 149
24 3
24 6
24 12
24 14
24 16
24 26
24 31
24 35
24 37
24 39
24 40
24 41
24 47
24 52
24 53
24 55
24 58
24 66
24 67
24 70
24 78
24 82
24 87
24 92
24 100
24 102
24 106
24 108
24 109
24 122
24 123
24 125
24 127
24 131
24 132
24 133
24 135
24 139
24 143
24 147
24 148
25 1
25 2
25 6
25 11
25 12
25 14
25 15
25 16
25 24
25 26
25 27
25 28
25 29
25 31
25 32
25 33
25 39
25 45
25 48
25 49
25 52
25 57
25 59
25 60
25 69
25 72
25 77
25 87
25 88
25 89
25 91
25 93
25 96
25 98
25 101
25 107
25 108
25 110
25 113
25 114
25 115
25 118
25 122
25 125
25 127
25 128
25 135
25 136
25 137
25 138
25 140
25 143
25 144
25 148
25 149
25 7
25 9
25 17
25 18
25 19
25 20
25 23
25 35
25 37
25 41
25 44
25 46
25 47
25 51
25 53
25 55
25 63
25 66
25 67
25 70
25 73
25 74
25 76
25 79
25 80
25 81
25 82
25 85
25 90
25 92
25 95
25 97
25 103
25 104
25 105
25 109
25 116
25 117
25 121
25 124
25 130
25 132
25 134
25 139
25 145
25 147
26 6
26 9
26 10
26 11
26 13
26 25
26 27
26 29
26 30
26 32
26 33
26 34
26 36
26 38
26 45
26 46
26 47
26 48
26 50
26 54
26 57
26 62
26 64
26 69
26 71
26 72
26 74
26 78
26 80
26 81
26 83
26 90
26 92
26 99
26 101
26 102
26 106
26 112
26 115
26 116
26 117
26 118
26 121
26 124
26 125
26 128
26 129
26 135
26 139
26 141
26 145
26 146
26 147
26 149
26 1
26 5
26 7
26 15
26 17
26 18
26 21
26 22
26 23
26 24
26 28
26 31
26 41
26 53
26 55
26 63
26 65
26 68
26 77
26 82
26 87
26 91
26 93
26 95
26 96
26 97
26 103
26 108
26 109
26 111
26 114
26 122
26 123
26 126
26 134
26 138
26 143
26 148
27 3
27 7
27 10
27 12
27 13
27 15
27 16
27 18
27 22
27 24
27 25
27 26
27 28
27 29
27 33
27 36
27 38
27 39
27 40
27 45
27 48
27 49
27 54
27 55
27 56
27 75
27 76
27 77
27 80
27 86
27 87
27 89
27 90
27 91
27 97
27 100
27 101
27 110
27 112
27 114
27 115
27 118
27 123
27 129
27 130
27 135
27 136
27 142
27 145
27 147
27 2
27 4
27 9
27 11
27 14
27 17
27 19
27 20
27 23
27 35
27 37
27 41
27 43
27 44
27 57
27 58
27 60
27 62
27 66
27 67
27 68
27 70
27 74
27 78
27 82
27 83
27 93
27 95
27 99
27 102
27 104
27 105
27 109
27 111
27 113
27 121
27 124
27 125
27 128
27 131
27 132
27 134
27 137
27 138
27 139
27 140
27 143
27 148
28 1
28 5
28 6
28 7
28 11
28 13
28 14
28 16
28 17
28 18
28 19
28 22
28 25
28 27
28 29
28 31
28 32
28 39
28 44
28 45
28 52
28 53
28 56
28 57
28 60
28 65
28 66
28 69
28 71
28 76
28 78
28 84
28 86
28 89
28 92
28 93
28 96
28 97
28 98
28 99
28 103
28 104
28 106
28 108
28 114
28 117
28 120
28 121
28 124
28 130
28 131
28 135
28 136
28 138
28 139
28 144
28 145
28 4
28 8
28 9
28 10
28 21
28 23
28 26
28 30
28 33
28 35
28 41
28 42
28 43
28 47
28 54
28 55
28 59
28 62
28 68
28 70
28 72
28 77
28 83
28 85
28 88
28 91
28 101
28 113
28 115
28 123
28 125
28 128
28 137
28 142
28 147
29 1
29 5
29 8
29 9
29 11
29 12
29 14
29 15
29 20
29 21
29 22
29 23
29 24
29 25
29 26
29 27
29 28
29 30
29 35
29 40
29 42
29 45
29 48
29 51
29 54
29 56
29 59
29 60
29 66
29 72
29 76
29 78
29 83
29 85
29 86
29 87
29 88
29 91
29 93
29 94
29 95
29 96
29 98
29 101
29 104
29 107
29 109
29 112
29 114
29 115
29 121
29 126
29 131
29 133
29 138
29 139
29 148
29 149
29 6
29 7
29 16
29 32
29 34
29 36
29 37
29 38
29 44
29 49
29 50
29 52
29 55
29 63
29 64
29 67
29 75
29 79
29 84
29 89
29 97
29 99
29 103
29 105
29 106
29 119
29 120
29 122
29 124
29 128
29 129
29 130
29 132
29 136
29 140
29 144
29 145
30 1
30 8
30 13
30 14
30 16
30 17
30 19
30 23
30 26
30 29
30 33
30 36
30 38
30 40
30 41
30 42
30 44
30 50
30 54
30 59
30 62
30 67
30 79
30 86
30 88
30 89
30 91
30 93
30 96
30 98
30 103
30 104
30 112
30 115
30 116
30 120
30 121
30 122
30 125
30 129
30 131
30 135
30 137
30 138
30 139
30 143
30 144
30 145
30 146
30 149
30 3
30 6
30 10
30 15
30 18
30 21
30 22
30 28
30 37
30 39
30 43
30 46
30 48
30 49
30 53
30 55
30 57
30 65
30 68
30 69
30 72
30 75
30 76
30 78
30 81
30 82
30 83
30 84
30 87
30 92
30 94
30 97
30 99
30 105
30 106
30 107
30 111
30 118
30 119
30 123
30 126
30 132
30 134
30 136
30 141
30 147
31 1
31 7
31 10
31 12
31 13
31 14
31 17
31 19
31 21
31 22
31 25
31 28
31 33
31 34
31 36
31 37
31 40
31 41
31 42
31 43
31 44
31 47
31 49
31 51
31 54
31 55
31 57
31 58
31 59
31 63
31 64
31 65
31 66
31 67
31 68
31 69
31 71
31 73
31 80
31 81
31 82
31 86
31 87
31 92
31 95
31 96
31 99
31 101
31 107
31 113
31 120
31 122
31 123
31 126
31 128
31 132
31 137
31 138
31 139
31 140
31 144
31 148
31 149
31 2
31 3
31 4
31 5
31 11
31 16
31 20
31 23
31 24
31 26
31 32
31 35
31 38
31 48
31 60
31 62
31 70
31 72
31 75
31 84
31 89
31 94
31 98
31 100
31 102
31 103
31 104
31 110
31 115
31 116
31 118
31 121
31 129
31 130
31 133
31 141
31 145
32 1
32 2
32 4
32 12
32 16
32 17
32 24
32 25
32 26
32 28
32 35
32 38
32 44
32 48
32 51
32 52
32 54
32 57
32 60
32 62
32 63
32 64
32 65
32 66
32 67
32 68
32 71
32 75
32 76
32 77
32 85
32 92
32 93
32 98
32 100
32 101
32 102
32 106
32 108
32 112
32 113
32 115
32 118
32 119
32 124
32 127
32 128
32 129
32 130
32 132
32 135
32 139
32 145
32 3
32 6
32 7
32 8
32 9
32 11
32 18
32 20
32 29
32 31
32 34
32 39
32 47
32 49
32 53
32 55
32 56
32 69
32 70
32 72
32 74
32 78
32 79
32 80
32 82
32 86
32 90
32 94
32 95
32 105
32 107
32 111
32 114
32 116
32 117
32 121
32 123
32 125
32 133
32 136
32 137
32 140
32 143
32 144
32 146
33 6
33 8
33 11
33 13
33 16
33 18
33 19
33 21
33 24
33 25
33 26
33 27
33 30
33 31
33 38
33 39
33 41
33 43
33 44
33 46
33 48
33 51
33 53
33 56
33 62
33 63
33 67
33 73
33 78
33 84
33 88
33 91
33 95
33 96
33 97
33 101
33 103
33 107
33 111
33 113
33 114
33 116
33 119
33 120
33 122
33 123
33 126
33 127
33 129
33 133
33 136
33 137
33 139
33 141
33 148
33 1
33 5
33 7
33 10
33 14
33 17
33 20
33 28
33 34
33 35
33 36
33 37
33 40
33 45
33 47
33 50
33 52
33 58
33 59
33 60
33 64
33 71
33 72
33 76
33 79
33 85
33 87
33 89
33 94
33 100
33 102
33 105
33 108
33 118
33 130
33 132
33 140
33 142
33 145
34 2
34 4
34 6
34 7
34 10
34 11
34 19
34 20
34 21
34 26
34 31
34 35
34 37
34 38
34 42
34 43
34 46
34 47
34 48
34 49
34 51
34 52
34 65
34 67
34 70
34 73
34 75
34 80
34 83
34 91
34 93
34 95
34 96
34 99
34 100
34 102
34 103
34 104
34 105
34 108
34 110
34 114
34 115
34 117
34 118
34 122
34 123
34 130
34 132
34 133
34 135
34 138
34 139
34 143
34 147
34 148
34 149
34 1
34 8
34 9
34 12
34 16
34 18
34 29
34 32
34 33
34 40
34 45
34 50
34 54
34 56
34 58
34 59
34 60
34 66
34 71
34 72
34 74
34 77
34 85
34 86
34 89
34 97
34 101
34 106
34 111
34 119
34 121
34 125
34 127
34 128
34 141
34 142
34 144
34 146
35 3
35 5
35 9
35 10
35 11
35 13
35 17
35 29
35 32
35 34
35 42
35 43
35 44
35 47
35 52
35 55
35 63
35 67
35 68
35 69
35 71
35 77
35 78
35 87
35 88
35 97
35 101
35 107
35 113
35 115
35 116
35 120
35 122
35 123
35 127
35 129
35 130
35 139
35 140
35 141
35 143
35 144
35 148
35 6
35 7
35 14
35 15
35 19
35 20
35 21
35 22
35 24
35 25
35 27
35 28
35 31
35 33
35 37
35 38
35 39
35 41
35 45
35 49
35 53
35 54
35 64
35 66
35 70
35 73
35 75
35 76
35 80
35 82
35 84
35 92
35 95
35 96
35 99
35 102
35 103
35 105
35 108
35 109
35 110
35 111
35 114
35 119
35 121
35 124
35 126
35 132
35 133
35 134
35 138
35 145
35 146
36 1
36 4
36 11
36 12
36 14
36 17
36 18
36 19
36 20
36 22
36 24
36 26
36 27
36 30
36 31
36 37
36 39
36 40
36 43
36 45
36 46
36 50
36 52
36 58
36 63
36 66
36 69
36 72
36 73
36 78
36 81
36 85
36 86
36 87
36 90
36 93
36 95
36 96
36 98
36 100
36 101
36 108
36 109
36 110
36 112
36 113
36 114
36 115
36 117
36 118
36 120
36 122
36 123
36 125
36 127
36 129
36 133
36 138
36 140
36 143
36 145
36 2
36 3
36 5
36 8
36 9
36 13
36 16
36 23
36 29
36 33
36 38
36 41
36 47
36 49
36 51
36 56
36 62
36 64
36 67
36 70
36 80
36 92
36 94
36 102
36 104
36 107
36 116
36 121
36 126
36 130
36 132
36 134
36 135
36 136
36 142
36 147
36 148
37 2
37 3
37 5
37 6
37 9
37 11
37 15
37 16
37 18
37 22
37 23
37 31
37 34
37 36
37 38
37 40
37 41
37 43
37 44
37 47
37 48
37 52
37 53
37 55
37 56
37 59
37 69
37 74
37 75
37 77
37 78
37 79
37 80
37 87
37 88
37 91
37 94
37 95
37 96
37 99
37 100
37 102
37 103
37 104
37 112
37 122
37 124
37 126
37 128
37 135
37 139
37 140
37 143
37 146
37 8
37 13
37 14
37 19
37 24
37 25
37 27
37 29
37 30
37 33
37 35
37 39
37 42
37 50
37 51
37 54
37 62
37 66
37 71
37 76
37 84
37 86
37 90
37 92
37 93
37 106
37 107
37 109
37 111
37 115
37 116
37 117
37 119
37 123
37 127
37 131
37 132
37 142
37 144
37 148
38 2
38 3
38 4
38 13
38 16
38 18
38 19
38 20
38 21
38 22
38 24
38 26
38 27
38 30
38 32
38 33
38 34
38 37
38 39
38 42
38 46
38 51
38 53
38 55
38 62
38 65
38 69
38 72
38 74
38 75
38 80
38 81
38 85
38 88
38 90
38 95
38 97
38 104
38 105
38 108
38 109
38 119
38 120
38 130
38 132
38 134
38 137
38 141
38 146
38 148
38 1
38 5
38 7
38 8
38 17
38 23
38 29
38 31
38 35
38 36
38 41
38 43
38 44
38 48
38 50
38 52
38 60
38 63
38 64
38 67
38 70
38 71
38 73
38 76
38 77
38 78
38 79
38 82
38 87
38 89
38 92
38 94
38 100
38 101
38 102
38 106
38 113
38 114
38 118
38 121
38 127
38 129
38 131
38 136
38 142
38 144
38 147
39 1
39 2
39 3
39 8
39 9
39 16
39 21
39 25
39 27
39 28
39 33
39 36
39 38
39 40
39 42
39 45
39 47
39 48
39 49
39 55
39 56
39 57
39 58
39 60
39 61
39 62
39 64
39 66
39 67
39 68
39 70
39 77
39 79
39 82
39 83
39 84
39 85
39 86
39 89
39 90
39 94
39 95
39 96
39 100
39 102
39 111
39 114
39 116
39 120
39 122
39 123
39 126
39 127
39 128
39 129
39 130
39 131
39 134
39 135
39 139
39 140
39 141
39 142
39 145
39 147
39 149
39 4
39 7
39 13
39 17
39 20
39 24
39 30
39 32
39 35
39 37
39 41
39 51
39 63
39 65
39 73
39 75
39 78
39 87
39 92
39 97
39 101
39 103
39 105
39 106
39 107
39 113
39 118
39 119
39 121
39 124
39 132
39 133
39 136
39 144
39 148
40 1
40 5
40 6
40 11
40 12
40 14
40 17
40 27
40 29
40 30
40 31
40 36
40 37
40 39
40 41
40 42
40 46
40 49
40 53
40 54
40 55
40 63
40 69
40 71
40 74
40 76
40 77
40 78
40 79
40 82
40 84
40 86
40 87
40 95
40 98
40 99
40 102
40 108
40 109
40 111
40 112
40 113
40 117
40 119
40 120
40 124
40 126
40 129
40 130
40 131
40 133
40 137
40 139
40 143
40 146
40 7
40 15
40 19
40 22
40 24
40 33
40 34
40 45
40 50
40 58
40 60
40 64
40 66
40 67
40 80
40 81
40 83
40 85
40 89
40 90
40 91
40 93
40 97
40 101
40 105
40 106
40 116
40 118
40 122
40 125
40 127
40 128
40 132
40 134
40 136
40 144
40 147
40 148
41 3
41 5
41 6
41 11
41 12
41 20
41 30
41 31
41 33
41 37
41 40
41 45
41 46
41 49
41 51
41 57
41 60
41 61
41 62
41 63
41 65
41 67
41 68
41 70
41 73
41 74
41 81
41 84
41 85
41 86
41 87
41 88
41 89
41 92
41 93
41 94
41 102
41 107
41 109
41 110
41 112
41 114
41 115
41 117
41 118
41 122
41 126
41 129
41 132
41 133
41 134
41 135
41 140
41 141
41 143
41 145
41 146
41 147
41 148
41 1
41 2
41 7
41 13
41 17
41 21
41 23
41 24
41 25
41 26
41 27
41 28
41 35
41 36
41 38
41 39
41 44
41 47
41 48
41 50
41 53
41 54
41 55
41 56
41 59
41 64
41 66
41 69
41 71
41 77
41 78
41 79
41 83
41 90
41 91
41 95
41 98
41 104
41 106
41 108
41 113
41 119
41 121
41 124
41 127
41 137
42 1
42 2
42 3
42 4
42 5
42 9
42 12
42 15
42 20
42 24
42 29
42 30
42 31
42 34
42 35
42 38
42 39
42 40
42 46
42 47
42 51
42 54
42 57
42 60
42 61
42 62
42 65
42 69
42 73
42 75
42 76
42 78
42 80
42 82
42 84
42 88
42 92
42 95
42 96
42 97
42 106
42 109
42 114
42 115
42 120
42 121
42 123
42 126
42 127
42 129
42 130
42 131
42 132
42 135
42 136
42 139
42 140
42 141
42 142
42 143
42 144
42 145
42 10
42 11
42 14
42 16
42 18
42 28
42 37
42 43
42 45
42 53
42 55
42 58
42 67
42 72
42 77
42 81
42 83
42 85
42 86
42 87
42 93
42 98
42 99
42 101
42 104
42 112
42 113
42 116
42 124
42 128
42 133
42 138
42 146
42 148
43 1
43 2
43 5
43 7
43 14
43 15
43 17
43 19
43 24
43 31
43 33
43 34
43 35
43 36
43 37
43 55
43 56
43 57
43 59
43 65
43 67
43 69
43 70
43 71
43 75
43 77
43 81
43 82
43 83
43 87
43 90
43 91
43 94
43 97
43 100
43 102
43 106
43 107
43 109
43 121
43 123
43 124
43 125
43 135
43 136
43 139
43 142
43 147
43 149
43 3
43 4
43 6
43 16
43 20
43 21
43 23
43 27
43 28
43 30
43 38
43 42
43 47
43 49
43 50
43 63
43 64
43 66
43 68
43 72
43 73
43 74
43 76
43 80
43 84
43 88
43 89
43 99
43 101
43 105
43 108
43 110
43 111
43 115
43 117
43 119
43 127
43 130
43 131
43 134
43 137
43 138
43 140
43 143
43 144
43 145
43 146
44 14
44 20
44 24
44 28
44 30
44 31
44 32
44 33
44 35
44 37
44 47
44 48
44 51
44 53
44 59
44 61
44 68
44 73
44 75
44 78
44 80
44 82
44 83
44 87
44 89
44 91
44 93
44 96
44 97
44 98
44 101
44 102
44 103
44 109
44 111
44 114
44 118
44 119
44 121
44 124
44 128
44 130
44 133
44 136
44 139
44 140
44 142
44 143
44 146
44 148
44 3
44 5
44 6
44 7
44 8
44 9
44 11
44 16
44 17
44 25
44 27
44 29
44 38
44 41
44 45
44 50
44 52
44 55
44 57
44 63
44 64
44 65
44 69
44 76
44 77
44 81
44 84
44 90
44 92
44 94
44 99
44 105
44 107
44 110
44 113
44 123
44 135
44 137
44 145
44 147
45 1
45 4
45 7
45 8
45 10
45 11
45 12
45 14
45 16
45 19
45 20
45 21
45 23
45 24
45 25
45 26
45 27
45 28
45 29
45 36
45 39
45 41
45 46
45 48
45 50
45 55
45 57
45 59
45 77
45 79
45 80
45 84
45 89
45 92
45 95
45 100
45 106
45 109
45 112
45 116
45 119
45 120
45 121
45 126
45 129
45 131
45 132
45 139
45 140
45 146
45 147
45 5
45 13
45 18
45 33
45 34
45 35
45 40
45 42
45 44
45 47
45 56
45 61
45 66
45 70
45 72
45 74
45 75
45 76
45 82
45 87
45 88
45 90
45 93
45 101
45 102
45 105
45 113
45 117
45 122
45 127
45 135
45 137
45 141
45 143
45 144
46 3
46 4
46 6
46 7
46 11
46 15
46 22
46 24
46 26
46 33
46 34
46 36
46 38
46 40
46 41
46 42
46 45
46 49
46 51
46 52
46 54
46 61
46 62
46 73
46 74
46 84
46 88
46 92
46 95
46 98
46 99
46 101
46 104
46 105
46 108
46 110
46 112
46 113
46 114
46 118
46 124
46 127
46 128
46 131
46 133
46 134
46 142
46 149
46 5
46 12
46 13
46 18
46 21
46 25
46 30
46 55
46 56
46 58
46 60
46 64
46 65
46 66
46 68
46 72
46 76
46 80
46 81
46 91
46 93
46 97
46 100
46 102
46 103
46 107
46 109
46 111
46 119
46 122
46 123
46 126
46 129
46 130
46 132
46 135
46 136
46 137
46 138
46 141
46 146
46 148
47 2
47 4
47 5
47 8
47 12
47 14
47 15
47 16
47 18
47 21
47 22
47 23
47 26
47 31
47 34
47 35
47 37
47 39
47 42
47 44
47 51
47 61
47 65
47 69
47 70
47 80
47 81
47 83
47 84
47 86
47 88
47 90
47 91
47 97
47 98
47 103
47 106
47 107
47 109
47 110
47 112
47 113
47 114
47 115
47 117
47 119
47 120
47 124
47 125
47 128
47 129
47 135
47 137
47 138
47 139
47 141
47 143
47 144
47 149
47 1
47 6
47 9
47 10
47 13
47 20
47 24
47 25
47 28
47 32
47 33
47 36
47 41
47 43
47 45
47 50
47 52
47 58
47 59
47 60
47 64
47 71
47 72
47 76
47 79
47 85
47 87
47 89
47 94
47 100
47 102
47 105
47 108
47 118
47 130
47 132
47 140
47 142
47 145
48 8
48 10
48 13
48 18
48 23
48 25
48 26
48 27
48 29
48 32
48 33
48 34
48 37
48 39
48 44
48 45
48 51
48 53
48 55
48 58
48 62
48 65
48 66
48 67
48 69
48 71
48 75
48 78
48 81
48 82
48 89
48 90
48 93
48 95
48 98
48 101
48 102
48 104
48 105
48 107
48 108
48 109
48 110
48 116
48 117
48 122
48 127
48 129
48 131
48 136
48 140
48 143
48 146
48 148
48 149
48 3
48 4
48 9
48 11
48 12
48 14
48 15
48 16
48 20
48 22
48 30
48 31
48 38
48 41
48 54
48 59
48 64
48 68
48 70
48 72
48 73
48 74
48 80
48 85
48 86
48 88
48 91
48 99
48 100
48 103
48 111
48 115
48 120
48 125
48 133
48 135
48 139
48 141
48 142
49 5
49 6
49 9
49 10
49 11
49 15
49 16
49 17
49 20
49 22
49 25
49 27
49 31
49 34
49 39
49 40
49 41
49 46
49 50
49 51
49 52
49 58
49 60
49 70
49 71
49 74
49 76
49 79
49 80
49 88
49 89
49 91
49 97
49 99
49 105
49 106
49 107
49 111
49 113
49 115
49 116
49 118
49 119
49 122
49 125
49 129
49 134
49 140
49 141
49 143
49 144
49 145
49 148
49 149
49 1
49 2
49 7
49 8
49 13
49 18
49 19
49 21
49 23
49 29
49 30
49 32
49 35
49 36
49 43
49 56
49 57
49 59
49 61
49 65
49 66
49 67
49 69
49 73
49 77
49 81
49 82
49 92
49 94
49 98
49 101
49 103
49 104
49 108
49 110
49 112
49 120
49 123
49 124
49 127
49 130
49 131
49 133
49 136
49 137
49 138
49 139
49 142
49 147
50 1
50 6
50 7
50 9
50 12
50 16
50 17
50 21
50 24
50 26
50 30
50 36
50 45
50 49
50 53
50 55
50 60
50 61
50 66
50 67
50 71
50 72
50 73
50 78
50 81
50 86
50 92
50 94
50 97
50 99
50 100
50 105
50 107
50 110
50 113
50 114
50 116
50 118
50 119
50 121
50 123
50 125
50 126
50 127
50 129
50 130
50 132
50 137
50 138
50 140
50 141
50 143
50 147
50 148
50 149
50 5
50 8
50 14
50 15
50 22
50 23
50 29
50 33
50 34
50 37
50 38
50 40
50 41
50 43
50 44
50 47
50 51
50 54
50 56
50 62
50 63
50 64
50 68
50 75
50 76
50 80
50 83
50 89
50 91
50 93
50 98
50 104
50 106
50 109
50 112
50 122
50 134
50 136
50 144
50 146
51 4
51 5
51 6
51 12
51 13
51 16
51 20
51 21
51 22
51 24
51 29
51 31
51 32
51 33
51 34
51 38
51 41
51 42
51 44
51 46
51 47
51 48
51 49
51 53
51 54
51 56
51 58
51 59
51 60
51 63
51 64
51 65
51 67
51 69
51 72
51 74
51 76
51 83
51 84
51 86
51 88
51 90
51 99
51 101
51 102
51 103
51 104
51 105
51 109
51 114
51 117
51 119
51 120
51 123
51 129
51 130
51 131
51 135
51 136
51 143
51 149
51 1
51 2
51 3
51 7
51 9
51 11
51 23
51 25
51 36
51 37
51 39
51 50
51 52
51 61
51 66
51 71
51 75
51 77
51 79
51 80
51 81
51 87
51 92
51 93
51 95
51 98
51 106
51 107
51 110
51 118
51 122
51 127
51 132
51 140
51 142
51 146
51 148
52 2
52 3
52 4
52 5
52 6
52 7
52 13
52 15
52 20
52 22
52 25
52 28
52 32
52 34
52 35
52 36
52 37
52 46
52 49
52 54
52 55
52 58
52 59
52 60
52 61
52 62
52 63
52 64
52 68
52 74
52 84
52 85
52 93
52 94
52 96
52 99
52 103
52 105
52 106
52 109
52 110
52 115
52 116
52 121
52 123
52 126
52 127
52 131
52 132
52 135
52 138
52 142
52 144
52 149
52 8
52 10
52 17
52 18
52 24
52 29
52 33
52 38
52 44
52 47
52 51
52 53
52 66
52 67
52 69
52 71
52 75
52 76
52 77
52 79
52 83
52 87
52 91
52 92
52 102
52 104
52 108
52 111
52 113
52 114
52 118
52 120
52 122
52 130
52 133
52 134
52 137
52 140
52 141
52 143
52 146
52 147
52 148
53 2
53 3
53 12
53 15
53 16
53 19
53 20
53 23
53 28
53 33
53 37
53 38
53 40
53 44
53 48
53 50
53 51
53 55
53 56
53 59
53 60
53 61
53 63
53 65
53 66
53 72
53 73
53 79
53 80
53 84
53 90
53 92
53 95
53 98
53 100
53 101
53 103
53 105
53 107
53 108
53 110
53 113
53 116
53 120
53 121
53 123
53 126
53 127
53 134
53 136
53 138
53 140
53 142
53 143
53 144
53 146
53 148
53 4
53 11
53 13
53 14
53 17
53 18
53 24
53 25
53 26
53 30
53 32
53 35
53 41
53 42
53 52
53 54
53 57
53 62
53 64
53 67
53 69
53 75
53 76
53 77
53 81
53 88
53 89
53 93
53 96
53 102
53 104
53 106
53 111
53 117
53 119
53 122
53 125
53 135
53 147
54 1
54 2
54 3
54 5
54 6
54 10
54 12
54 14
54 17
54 21
54 24
54 26
54 27
54 29
54 30
54 31
54 32
54 40
54 42
54 46
54 51
54 52
54 56
54 58
54 59
54 60
54 61
54 62
54 64
54 70
54 74
54 76
54 78
54 81
54 89
54 90
54 94
54 98
54 99
54 105
54 110
54 112
54 113
54 115
54 116
54 117
54 119
54 124
54 125
54 129
54 131
54 132
54 133
54 135
54 136
54 140
54 145
54 146
54 7
54 9
54 11
54 15
54 19
54 22
54 28
54 34
54 35
54 37
54 41
54 48
54 50
54 53
54 55
54 63
54 65
54 68
54 77
54 82
54 87
54 91
54 93
54 95
54 96
54 97
54 103
54 108
54 109
54 111
54 114
54 122
54 123
54 126
54 134
54 138
54 143
54 148
55 1
55 4
55 10
55 15
55 17
55 27
55 31
55 35
55 37
55 38
55 39
55 40
55 43
55 45
55 48
55 50
55 52
55 53
55 56
55 59
55 60
55 61
55 64
55 66
55 67
55 74
55 75
55 77
55 78
55 80
55 82
55 84
55 87
55 92
55 93
55 97
55 101
55 105
55 108
55 109
55 112
55 113
55 118
55 122
55 125
55 126
55 129
55 134
55 135
55 138
55 140
55 142
55 145
55 146
55 2
55 6
55 8
55 9
55 16
55 18
55 23
55 24
55 25
55 26
55 28
55 29
55 30
55 32
55 41
55 42
55 44
55 46
55 54
55 63
55 65
55 69
55 71
55 72
55 85
55 86
55 88
55 90
55 94
55 95
55 96
55 98
55 102
55 106
55 110
55 111
55 121
55 123
55 127
55 130
55 132
55 133
55 137
55 139
55 141
56 3
56 5
56 9
56 11
56 13
56 18
56 21
56 27
56 28
56 29
56 33
56 37
56 39
56 43
56 51
56 53
56 54
56 55
56 62
56 66
56 69
56 71
56 82
56 90
56 92
56 94
56 101
56 102
56 105
56 112
56 114
56 117
56 120
56 122
56 132
56 135
56 137
56 138
56 140
56 149
56 1
56 7
56 10
56 12
56 14
56 15
56 16
56 17
56 22
56 32
56 34
56 36
56 41
56 45
56 46
56 49
56 50
56 57
56 60
56 61
56 64
56 67
56 68
56 70
56 73
56 74
56 75
56 76
56 79
56 84
56 86
56 89
56 91
56 97
56 98
56 99
56 103
56 110
56 111
56 115
56 118
56 124
56 126
56 128
56 133
56 139
56 141
56 144
56 147
57 1
57 4
57 7
57 10
57 11
57 16
57 19
57 20
57 21
57 24
57 25
57 26
57 28
57 31
57 32
57 39
57 41
57 42
57 43
57 45
57 59
57 61
57 64
57 68
57 69
57 70
57 71
57 73
57 75
57 76
57 79
57 81
57 82
57 85
57 87
57 91
57 92
57 95
57 99
57 101
57 105
57 106
57 109
57 110
57 111
57 126
57 127
57 129
57 130
57 137
57 142
57 145
57 2
57 3
57 5
57 9
57 13
57 15
57 22
57 27
57 30
57 44
57 49
57 53
57 56
57 66
57 78
57 80
57 88
57 90
57 93
57 102
57 107
57 112
57 116
57 118
57 120
57 121
57 122
57 128
57 133
57 134
57 136
57 139
57 147
57 148
58 1
58 4
58 6
58 7
58 8
58 9
58 13
58 14
58 15
58 17
58 19
58 21
58 23
58 31
58 36
58 39
58 48
58 49
58 51
58 52
58 54
58 60
58 62
58 63
58 65
58 66
58 68
58 70
58 71
58 79
58 80
58 85
58 90
58 95
58 96
58 101
58 102
58 103
58 108
58 110
58 111
58 121
58 127
58 128
58 129
58 131
58 132
58 133
58 135
58 137
58 141
58 142
58 144
58 146
58 147
58 148
58 149
58 2
58 5
58 10
58 11
58 12
58 18
58 20
58 24
58 27
58 33
58 34
58 40
58 42
58 46
58 47
58 61
58 69
58 73
58 78
58 83
58 91
58 93
58 97
58 99
58 100
58 113
58 114
58 116
58 118
58 122
58 123
58 124
58 126
58 130
58 134
58 138
58 139
59 5
59 7
59 8
59 9
59 10
59 11
59 17
59 23
59 25
59 29
59 30
59 31
59 37
59 43
59 44
59 45
59 51
59 52
59 53
59 54
59 55
59 57
59 61
59 64
59 65
59 75
59 79
59 81
59 84
59 85
59 87
59 89
59 90
59 94
59 97
59 102
59 103
59 108
59 109
59 111
59 113
59 118
59 121
59 123
59 124
59 125
59 126
59 131
59 132
59 135
59 136
59 138
59 140
59 143
59 145
59 149
59 3
59 6
59 18
59 19
59 21
59 28
59 33
59 34
59 41
59 47
59 48
59 49
59 60
59 62
59 66
59 69
59 71
59 72
59 76
59 78
59 80
59 88
59 91
59 92
59 95
59 98
59 99
59 101
59 104
59 105
59 106
59 107
59 110
59 115
59 117
59 120
59 122
59 128
59 129
59 130
59 134
59 141
59 142
59 146
60 1
60 2
60 3
60 5
60 6
60 7
60 15
60 17
60 21
60 25
60 28
60 29
60 32
60 39
60 41
60 42
60 49
60 50
60 51
60 52
60 53
60 54
60 55
60 58
60 74
60 81
60 86
60 88
60 93
60 101
60 102
60 103
60 107
60 108
60 110
60 116
60 118
60 119
60 121
60 126
60 133
60 134
60 135
60 139
60 140
60 147
60 148
60 149
60 9
60 10
60 11
60 16
60 18
60 20
60 27
60 31
60 33
60 34
60 38
60 40
60 46
60 47
60 56
60 59
60 61
60 67
60 69
60 71
60 76
60 82
60 84
60 87
60 90
60 100
60 112
60 114
60 122
60 124
60 127
60 136
60 141
60 146
61 2
61 8
61 14
61 15
61 16
61 17
61 20
61 21
61 22
61 23
61 24
61 39
61 41
61 42
61 44
61 46
61 47
61 50
61 52
61 53
61 54
61 55
61 57
61 59
61 73
61 76
61 77
61 78
61 84
61 90
61 92
61 93
61 99
61 101
61 102
61 103
61 104
61 105
61 108
61 109
61 111
61 113
61 116
61 119
61 123
61 124
61 126
61 129
61 131
61 132
61 135
61 138
61 139
61 141
61 143
61 145
61 146
61 148
61 3
61 4
61 9
61 10
61 12
61 13
61 18
61 45
61 49
61 51
61 56
61 58
61 60
61 63
61 65
61 67
61 68
61 69
61 75
61 80
61 81
61 83
61 86
61 94
61 95
61 98
61 106
61 110
61 115
61 120
61 128
61 130
61 134
61 136
61 137
62 3
62 4
62 6
62 8
62 14
62 15
62 17
62 18
62 19
62 20
62 24
62 26
62 30
62 32
62 33
62 38
62 39
62 41
62 42
62 46
62 48
62 52
62 54
62 56
62 58
62 63
62 71
62 76
62 82
62 83
62 84
62 86
62 91
62 93
62 94
62 95
62 96
62 99
62 104
62 108
62 110
62 114
62 121
62 122
62 123
62 125
62 126
62 127
62 133
62 137
62 140
62 1
62 5
62 7
62 9
62 10
62 11
62 13
62 23
62 27
62 28
62 31
62 36
62 37
62 50
62 53
62 59
62 64
62 65
62 67
62 69
62 73
62 74
62 75
62 77
62 81
62 85
62 89
62 90
62 100
62 102
62 106
62 109
62 111
62 112
62 116
62 118
62 120
62 128
62 131
62 132
62 135
62 138
62 139
62 141
62 144
62 145
62 146
62 147
63 1
63 2
63 3
63 5
63 6
63 11
63 12
63 13
63 14
63 17
63 21
63 22
63 24
63 31
63 32
63 33
63 35
63 36
63 40
63 41
63 51
63 52
63 53
63 58
63 62
63 64
63 66
63 67
63 69
63 74
63 78
63 81
63 82
63 86
63 88
63 91
63 100
63 105
63 106
63 107
63 108
63 113
63 115
63 120
63 121
63 123
63 126
63 128
63 129
63 131
63 132
63 134
63 138
63 139
63 141
63 142
63 144
63 145
63 146
63 148
63 4
63 7
63 8
63 9
63 16
63 19
63 23
63 25
63 26
63 29
63 38
63 39
63 43
63 44
63 50
63 54
63 55
63 61
63 65
63 70
63 72
63 75
63 77
63 83
63 84
63 85
63 89
63 96
63 97
63 101
63 104
63 110
63 112
63 114
63 119
63 125
63 127
63 130
63 133
63 143
64 3
64 5
64 10
64 11
64 12
64 16
64 22
64 23
64 26
64 31
64 32
64 39
64 51
64 52
64 54
64 55
64 57
64 59
64 63
64 67
64 68
64 69
64 72
64 74
64 75
64 76
64 77
64 78
64 82
64 85
64 87
64 88
64 89
64 90
64 92
64 93
64 94
64 96
64 98
64 102
64 103
64 106
64 110
64 112
64 117
64 118
64 119
64 123
64 130
64 135
64 136
64 142
64 146
64 149
64 1
64 6
64 7
64 8
64 17
64 18
64 20
64 29
64 33
64 35
64 36
64 38
64 40
64 41
64 43
64 44
64 46
64 47
64 48
64 50
64 53
64 56
64 62
64 71
64 73
64 81
64 83
64 86
64 95
64 100
64 105
64 109
64 111
64 113
64 114
64 115
64 121
64 126
64 127
64 129
64 132
64 140
64 141
64 144
65 1
65 2
65 3
65 4
65 9
65 11
65 13
65 17
65 18
65 21
65 23
65 24
65 28
65 31
65 32
65 34
65 38
65 41
65 42
65 43
65 47
65 48
65 51
65 53
65 58
65 59
65 72
65 74
65 76
65 85
65 86
65 87
65 88
65 89
65 90
65 95
65 112
65 117
65 120
65 121
65 125
65 128
65 129
65 136
65 137
65 140
65 141
65 144
65 5
65 19
65 26
65 30
65 39
65 44
65 46
65 49
65 54
65 55
65 61
65 62
65 63
65 69
65 73
65 78
65 83
65 91
65 93
65 97
65 99
65 100
65 113
65 114
65 116
65 118
65 122
65 123
65 124
65 126
65 130
65 134
65 138
65 139
66 4
66 5
66 6
66 18
66 19
66 20
66 28
66 29
66 31
66 32
66 36
66 39
66 48
66 50
66 53
66 55
66 56
66 58
66 63
66 74
66 75
66 77
66 82
66 84
66 86
66 88
66 89
66 90
66 91
66 93
66 94
66 96
66 101
66 103
66 104
66 107
66 109
66 110
66 115
66 116
66 120
66 121
66 123
66 130
66 132
66 133
66 142
66 145
66 146
66 147
66 3
66 9
66 14
66 24
66 25
66 27
66 34
66 35
66 37
66 40
66 41
66 43
66 45
66 46
66 49
66 51
66 52
66 57
66 59
66 67
66 69
66 73
66 76
66 78
66 79
66 83
66 85
66 87
66 95
66 98
66 99
66 102
66 105
66 106
66 108
66 111
66 112
66 113
66 114
66 117
66 122
66 124
66 127
66 129
66 135
66 136
66 137
66 141
66 148
67 2
67 3
67 7
67 11
67 12
67 15
67 16
67 18
67 22
67 30
67 31
67 32
67 33
67 34
67 35
67 39
67 41
67 43
67 48
67 50
67 51
67 55
67 63
67 64
67 69
67 70
67 71
67 73
67 74
67 76
67 78
67 79
67 82
67 89
67 91
67 93
67 94
67 95
67 99
67 100
67 102
67 103
67 105
67 107
67 109
67 116
67 117
67 125
67 127
67 132
67 133
67 134
67 137
67 140
67 147
67 148
67 1
67 4
67 8
67 19
67 20
67 23
67 24
67 25
67 27
67 29
67 36
67 38
67 40
67 42
67 49
67 52
67 53
67 56
67 60
67 61
67 62
67 66
67 68
67 72
67 75
67 81
67 83
67 85
67 90
67 96
67 98
67 101
67 104
67 114
67 126
67 128
67 136
67 138
67 141
68 1
68 2
68 3
68 4
68 5
68 11
68 12
68 13
68 14
68 15
68 16
68 22
68 23
68 24
68 31
68 32
68 35
68 39
68 41
68 44
68 52
68 57
68 58
68 64
68 71
68 72
68 73
68 78
68 79
68 87
68 91
68 92
68 94
68 95
68 97
68 98
68 100
68 103
68 106
68 108
68 110
68 112
68 114
68 118
68 120
68 122
68 124
68 125
68 128
68 129
68 134
68 137
68 138
68 140
68 143
68 146
68 147
68 148
68 149
68 7
68 10
68 17
68 19
68 26
68 27
68 28
68 30
68 43
68 46
68 48
68 50
68 54
68 56
68 61
68 67
68 70
68 75
68 80
68 84
68 86
68 88
68 89
68 90
68 96
68 101
68 102
68 104
68 107
68 115
68 116
68 119
68 127
68 131
68 136
68 141
69 1
69 7
69 8
69 9
69 10
69 11
69 12
69 13
69 14
69 17
69 22
69 25
69 26
69 28
69 31
69 35
69 36
69 37
69 38
69 40
69 42
69 43
69 47
69 48
69 51
69 56
69 57
69 63
69 64
69 67
69 71
69 74
69 75
69 77
69 80
69 85
69 88
69 90
69 94
69 100
69 107
69 108
69 112
69 120
69 122
69 124
69 126
69 127
69 132
69 133
69 142
69 143
69 147
69 149
69 4
69 6
69 16
69 18
69 19
69 20
69 30
69 32
69 41
69 44
69 49
69 52
69 53
69 55
69 58
69 59
69 60
69 61
69 62
69 65
69 66
69 70
69 72
69 76
69 78
69 79
69 92
69 93
69 95
69 97
69 101
69 102
69 103
69 105
69 109
69 113
69 117
69 118
69 128
69 130
69 134
69 137
69 139
69 140
69 144
69 146
69 148
70 9
70 14
70 16
70 17
70 18
70 19
70 34
70 39
70 41
70 43
70 47
70 49
70 54
70 57
70 58
70 67
70 71
70 72
70 74
70 77
70 79
70 80
70 84
70 86
70 90
70 92
70 98
70 99
70 101
70 103
70 104
70 106
70 108
70 113
70 115
70 121
70 122
70 123
70 128
70 130
70 133
70 134
70 135
70 140
70 141
70 1
70 4
70 11
70 12
70 15
70 20
70 22
70 23
70 24
70 25
70 27
70 28
70 31
70 32
70 35
70 36
70 38
70 45
70 48
70 56
70 63
70 68
70 69
70 78
70 81
70 82
70 85
70 88
70 89
70 91
70 94
70 95
70 96
70 97
70 100
70 105
70 107
70 110
70 112
70 118
70 119
70 120
70 124
70 131
70 132
70 136
70 139
70 145
70 147
71 1
71 3
71 6
71 10
71 13
71 20
71 23
71 26
71 28
71 31
71 32
71 35
71 40
71 43
71 48
71 49
71 50
71 56
71 57
71 58
71 62
71 67
71 68
71 69
71 70
71 73
71 74
71 78
71 80
71 81
71 82
71 84
71 86
71 89
71 90
71 94
71 96
71 99
71 104
71 105
71 107
71 109
71 111
71 117
71 118
71 119
71 120
71 122
71 127
71 130
71 131
71 132
71 134
71 136
71 139
71 140
71 144
71 145
71 149
71 2
71 5
71 9
71 15
71 16
71 18
71 21
71 22
71 33
71 34
71 37
71 38
71 41
71 47
71 51
71 52
71 55
71 59
71 60
71 64
71 72
71 77
71 83
71 85
71 88
71 91
71 101
71 113
71 115
71 123
71 125
71 128
71 137
71 142
71 147
72 5
72 6
72 7
72 9
72 12
72 14
72 15
72 17
72 22
72 23
72 24
72 25
72 26
72 29
72 36
72 38
72 50
72 51
72 53
72 64
72 65
72 68
72 70
72 73
72 76
72 78
72 83
72 84
72 85
72 86
72 88
72 90
72 94
72 96
72 99
72 100
72 102
72 104
72 105
72 111
72 113
72 114
72 115
72 116
72 119
72 120
72 121
72 123
72 126
72 128
72 129
72 130
72 131
72 133
72 135
72 136
72 138
72 139
72 141
72 143
72 145
72 147
72 149
72 2
72 3
72 13
72 28
72 30
72 31
72 32
72 33
72 34
72 42
72 43
72 45
72 46
72 47
72 48
72 55
72 59
72 63
72 67
72 69
72 71
72 75
72 77
72 79
72 80
72 81
72 87
72 92
72 93
72 95
72 98
72 106
72 107
72 110
72 118
72 122
72 127
72 132
72 140
72 142
72 146
72 148
73 2
73 3
73 6
73 7
73 8
73 23
73 24
73 31
73 33
73 34
73 36
73 41
73 42
73 44
73 46
73 50
73 53
73 57
73 61
73 67
73 68
73 71
73 72
73 76
73 78
73 81
73 84
73 95
73 99
73 107
73 110
73 111
73 114
73 115
73 116
73 118
73 119
73 120
73 121
73 122
73 126
73 128
73 138
73 142
73 144
73 147
73 148
73 5
73 9
73 10
73 11
73 15
73 16
73 17
73 21
73 22
73 25
73 35
73 38
73 39
73 43
73 48
73 49
73 56
73 58
73 62
73 64
73 65
73 66
73 74
73 87
73 88
73 90
73 92
73 96
73 97
73 98
73 100
73 104
73 108
73 112
73 113
73 123
73 125
73 129
73 132
73 134
73 135
73 139
73 141
73 143
74 1
74 4
74 7
74 8
74 12
74 14
74 17
74 19
74 21
74 24
74 26
74 37
74 38
74 40
74 41
74 46
74 49
74 51
74 52
74 54
74 55
74 60
74 63
74 64
74 65
74 66
74 67
74 69
74 70
74 71
74 78
74 79
74 82
74 83
74 85
74 86
74 89
74 98
74 100
74 103
74 108
74 110
74 116
74 120
74 122
74 132
74 136
74 140
74 141
74 142
74 145
74 149
74 2
74 3
74 10
74 11
74 13
74 18
74 20
74 25
74 27
74 32
74 34
74 43
74 45
74 48
74 56
74 62
74 73
74 77
74 80
74 81
74 84
74 87
74 88
74 90
74 93
74 94
74 95
74 96
74 99
74 104
74 106
74 109
74 111
74 117
74 118
74 119
74 123
74 130
74 131
74 135
74 138
74 144
74 146
74 148
75 2
75 3
75 4
75 6
75 9
75 11
75 13
75 14
75 16
75 17
75 23
75 24
75 27
75 32
75 34
75 37
75 38
75 42
75 43
75 44
75 48
75 55
75 57
75 59
75 64
75 66
75 69
75 77
75 79
75 81
75 84
75 87
75 89
75 92
75 93
75 95
75 96
75 103
75 105
75 106
75 111
75 114
75 117
75 121
75 122
75 123
75 124
75 127
75 134
75 135
75 137
75 138
75 139
75 146
75 148
75 5
75 7
75 8
75 12
75 15
75 19
75 22
75 29
75 30
75 31
75 35
75 39
75 45
75 50
75 51
75 52
75 53
75 56
75 61
75 62
75 63
75 67
75 68
75 72
75 80
75 86
75 88
75 91
75 94
75 104
75 116
75 118
75 126
75 128
75 131
75 140
75 145
76 4
76 5
76 13
76 14
76 15
76 24
76 27
76 28
76 29
76 32
76 40
76 42
76 49
76 51
76 54
76 57
76 61
76 62
76 64
76 65
76 67
76 72
76 73
76 79
76 81
76 85
76 89
76 90
76 91
76 92
76 96
76 97
76 98
76 103
76 104
76 106
76 111
76 112
76 115
76 119
76 123
76 124
76 126
76 127
76 128
76 130
76 131
76 135
76 138
76 141
76 144
76 145
76 146
76 2
76 7
76 9
76 10
76 18
76 20
76 23
76 25
76 30
76 33
76 35
76 37
76 38
76 43
76 44
76 45
76 46
76 47
76 50
76 52
76 53
76 56
76 59
76 60
76 66
76 69
76 78
76 82
76 84
76 86
76 87
76 88
76 94
76 99
76 100
76 102
76 105
76 113
76 114
76 117
76 125
76 129
76 134
76 139
76 147
77 1
77 5
77 10
77 12
77 15
77 16
77 19
77 22
77 23
77 25
77 27
77 32
77 35
77 37
77 39
77 40
77 43
77 45
77 55
77 61
77 64
77 66
77 69
77 70
77 75
77 79
77 80
77 83
77 86
77 87
77 89
77 92
77 95
77 105
77 106
77 110
77 112
77 113
77 114
77 122
77 126
77 129
77 131
77 132
77 137
77 142
77 147
77 148
77 149
77 3
77 6
77 11
77 26
77 28
77 34
77 38
77 41
77 42
77 44
77 49
77 51
77 52
77 53
77 54
77 62
77 63
77 71
77 72
77 74
77 78
77 82
77 84
77 85
77 98
77 99
77 101
77 103
77 107
77 108
77 109
77 111
77 115
77 119
77 123
77 124
77 134
77 136
77 140
77 143
77 145
77 146
78 3
78 4
78 5
78 7
78 8
78 10
78 12
78 18
78 22
78 26
78 28
78 29
78 33
78 35
78 36
78 37
78 40
78 42
78 44
78 48
78 50
78 54
78 55
78 61
78 63
78 64
78 67
78 68
78 71
78 72
78 73
78 74
78 85
78 86
78 93
78 94
78 98
78 101
78 104
78 107
78 113
78 117
78 122
78 123
78 129
78 130
78 135
78 140
78 141
78 143
78 9
78 13
78 14
78 16
78 17
78 20
78 23
78 24
78 27
78 30
78 32
78 38
78 39
78 41
78 57
78 58
78 59
78 65
78 66
78 69
78 70
78 76
78 77
78 80
78 82
78 84
78 92
78 95
78 96
78 99
78 102
78 103
78 105
78 108
78 109
78 110
78 111
78 114
78 119
78 121
78 124
78 126
78 132
78 133
78 134
78 138
78 145
78 146
79 3
79 5
79 7
79 11
79 12
79 18
79 21
79 23
79 30
79 37
79 39
79 40
79 45
79 49
79 53
79 57
79 58
79 59
79 67
79 68
79 70
79 74
79 75
79 76
79 77
79 82
79 83
79 88
79 93
79 96
79 100
79 101
79 103
79 106
79 112
79 116
79 119
79 125
79 128
79 129
79 130
79 132
79 134
79 136
79 138
79 139
79 141
79 142
79 148
79 149
79 6
79 8
79 10
79 15
79 22
79 25
79 29
79 32
79 33
79 38
79 41
79 47
79 51
79 52
79 56
79 66
79 69
79 72
79 81
79 84
79 90
79 92
79 94
79 99
79 105
79 107
79 110
79 113
79 123
79 135
79 137
79 145
79 147
80 4
80 6
80 9
80 13
80 17
80 18
80 20
80 21
80 26
80 27
80 31
80 34
80 37
80 38
80 42
80 44
80 45
80 47
80 49
80 53
80 55
80 58
80 69
80 70
80 71
80 77
80 84
80 85
80 90
80 94
80 95
80 97
80 103
80 104
80 108
80 112
80 114
80 115
80 118
80 124
80 130
80 134
80 135
80 138
80 143
80 146
80 147
80 1
80 2
80 3
80 5
80 7
80 11
80 12
80 14
80 15
80 19
80 22
80 23
80 25
80 32
80 35
80 36
80 40
80 43
80 46
80 48
80 50
80 51
80 57
80 59
80 61
80 68
80 72
80 74
80 75
80 78
80 82
80 91
80 96
80 101
80 105
80 107
80 109
80 110
80 111
80 117
80 122
80 123
80 125
80 128
80 136
80 137
80 140
80 148
81 3
81 5
81 6
81 10
81 12
81 14
81 16
81 23
81 24
81 26
81 31
81 36
81 38
81 41
81 43
81 47
81 48
81 50
81 54
81 57
81 59
81 60
81 63
81 71
81 73
81 75
81 76
81 84
81 88
81 92
81 94
81 96
81 97
81 99
81 102
81 104
81 106
81 107
81 114
81 118
81 119
81 120
81 121
81 124
81 129
81 131
81 132
81 133
81 137
81 140
81 143
81 144
81 145
81 147
81 148
81 149
81 2
81 11
81 13
81 15
81 19
81 21
81 22
81 25
81 30
81 40
81 42
81 44
81 46
81 49
81 51
81 53
81 61
81 62
81 64
81 67
81 70
81 72
81 74
81 79
81 85
81 90
81 95
81 103
81 105
81 109
81 111
81 112
81 125
81 126
81 128
81 130
81 134
81 135
81 136
81 138
81 142
81 146
82 1
82 4
82 5
82 9
82 10
82 14
82 15
82 16
82 23
82 31
82 39
82 40
82 42
82 43
82 44
82 48
82 55
82 56
82 57
82 62
82 63
82 64
82 66
82 67
82 71
82 74
82 79
82 83
82 89
82 90
82 91
82 92
82 94
82 96
82 102
82 105
82 108
82 112
82 116
82 118
82 119
82 128
82 132
82 135
82 147
82 2
82 18
82 24
82 25
82 26
82 27
82 30
82 32
82 35
82 38
82 45
82 49
82 54
82 60
82 70
82 76
82 77
82 78
82 80
82 84
82 85
82 95
82 97
82 101
82 104
82 106
82 107
82 111
82 113
82 115
82 123
82 126
82 127
82 130
82 133
82 134
82 136
82 139
82 140
82 141
82 142
82 145
83 2
83 3
83 5
83 8
83 9
83 10
83 12
83 14
83 16
83 20
83 23
83 24
83 26
83 29
83 34
83 39
83 43
83 44
83 47
83 51
83 62
83 72
83 74
83 77
83 79
83 82
83 84
83 86
83 88
83 91
83 95
83 97
83 103
83 107
83 109
83 115
83 117
83 120
83 123
83 124
83 132
83 139
83 141
83 143
83 144
83 146
83 4
83 6
83 7
83 11
83 13
83 15
83 18
83 19
83 21
83 22
83 27
83 28
83 30
83 40
83 41
83 42
83 50
83 52
83 58
83 61
83 63
83 64
83 65
83 66
83 67
83 71
83 85
83 87
83 90
83 92
83 98
83 99
83 100
83 104
83 111
83 112
83 116
83 119
83 125
83 127
83 129
83 134
83 140
83 142
83 145
83 148
84 3
84 5
84 6
84 7
84 11
84 15
84 20
84 24
84 28
84 33
84 39
84 40
84 41
84 42
84 45
84 46
84 47
84 51
84 52
84 53
84 55
84 59
84 61
84 62
84 66
84 70
84 71
84 72
84 73
84 75
84 80
84 81
84 83
84 87
84 89
84 90
84 92
84 93
84 95
84 97
84 98
84 101
84 113
84 114
84 119
84 120
84 122
84 124
84 125
84 127
84 128
84 131
84 138
84 142
84 147
84 2
84 4
84 8
84 9
84 12
84 13
84 16
84 18
84 29
84 30
84 31
84 35
84 37
84 43
84 44
84 56
84 60
84 63
84 68
84 74
84 76
84 77
84 78
84 79
84 82
84 94
84 106
84 108
84 116
84 118
84 121
84 130
84 135
84 140
84 144
84 146
84 148
85 3
85 8
85 10
85 13
85 15
85 16
85 17
85 19
85 21
85 22
85 29
85 32
85 36
85 38
85 39
85 41
85 52
85 57
85 58
85 59
85 64
85 65
85 69
85 72
85 74
85 76
85 78
85 80
85 88
85 89
85 91
85 92
85 97
85 100
85 103
85 105
85 109
85 114
85 117
85 119
85 120
85 122
85 126
85 127
85 130
85 131
85 132
85 134
85 135
85 136
85 137
85 142
85 145
85 6
85 9
85 23
85 25
85 28
85 33
85 34
85 40
85 42
85 47
85 48
85 55
85 62
85 63
85 66
85 67
85 70
85 71
85 77
85 81
85 82
85 83
85 86
85 87
85 93
85 98
85 99
85 101
85 104
85 112
85 113
85 116
85 124
85 128
85 133
85 138
85 146
85 148
86 2
86 3
86 13
86 15
86 18
86 24
86 27
86 28
86 29
86 30
86 31
86 36
86 39
86 40
86 41
86 47
86 50
86 51
86 60
86 62
86 63
86 65
86 66
86 70
86 71
86 72
86 74
86 77
86 78
86 83
86 88
86 91
86 94
86 97
86 101
86 102
86 105
86 112
86 113
86 114
86 120
86 121
86 122
86 125
86 128
86 134
86 136
86 138
86 140
86 146
86 4
86 5
86 6
86 9
86 11
86 12
86 16
86 17
86 19
86 20
86 21
86 32
86 34
86 37
86 42
86 48
86 55
86 56
86 61
86 64
86 68
86 75
86 76
86 85
86 90
86 92
86 93
86 106
86 107
86 109
86 111
86 115
86 116
86 117
86 119
86 123
86 127
86 131
86 132
86 142
86 144
86 148
87 2
87 3
87 12
87 18
87 19
87 21
87 23
87 25
87 27
87 29
87 31
87 35
87 36
87 37
87 40
87 41
87 43
87 44
87 55
87 57
87 59
87 64
87 65
87 68
87 75
87 77
87 84
87 88
87 91
87 94
87 98
87 100
87 102
87 104
87 105
87 108
87 110
87 121
87 129
87 133
87 134
87 140
87 142
87 144
87 145
87 147
87 10
87 11
87 15
87 22
87 24
87 26
87 30
87 33
87 38
87 39
87 42
87 45
87 47
87 51
87 52
87 54
87 60
87 66
87 72
87 73
87 74
87 76
87 83
87 85
87 90
87 92
87 93
87 97
87 99
87 101
87 109
87 112
87 113
87 116
87 119
87 120
87 122
87 125
87 126
87 127
87 128
87 131
87 136
87 138
87 141
87 143
88 3
88 6
88 7
88 8
88 19
88 20
88 21
88 22
88 25
88 29
88 30
88 33
88 35
88 37
88 38
88 41
88 42
88 46
88 47
88 49
88 51
88 60
88 63
88 64
88 65
88 66
88 69
88 72
88 79
88 81
88 83
88 85
88 86
88 87
88 92
88 94
88 98
88 99
88 101
88 108
88 111
88 117
88 123
88 124
88 127
88 128
88 129
88 130
88 134
88 137
88 142
88 143
88 145
88 148
88 149
88 2
88 4
88 5
88 10
88 11
88 12
88 13
88 14
88 17
88 18
88 28
88 43
88 45
88 48
88 53
88 55
88 57
88 59
88 68
88 70
88 71
88 73
88 74
88 75
88 76
88 89
88 90
88 91
88 95
88 102
88 103
88 107
88 110
88 116
88 118
88 120
88 125
88 131
88 133
88 136
88 139
89 5
89 18
89 19
89 21
89 23
89 24
89 25
89 27
89 28
89 30
89 39
89 41
89 44
89 45
89 48
89 49
89 54
89 59
89 64
89 65
89 66
89 67
89 71
89 74
89 75
89 76
89 77
89 82
89 84
89 85
89 91
89 94
89 95
89 96
89 99
89 103
89 105
89 106
89 108
89 110
89 111
89 115
89 116
89 118
89 120
89 127
89 130
89 133
89 134
89 135
89 137
89 138
89 141
89 143
89 147
89 148
89 149
89 7
89 8
89 11
89 12
89 16
89 20
89 29
89 31
89 33
89 34
89 38
89 40
89 43
89 47
89 50
89 53
89 56
89 62
89 63
89 68
89 70
89 88
89 90
89 102
89 104
89 112
89 114
89 117
89 126
89 131
89 136
89 140
89 142
89 144
89 145
89 146
90 7
90 15
90 17
90 18
90 22
90 24
90 26
90 27
90 36
90 38
90 39
90 43
90 47
90 48
90 51
90 53
90 54
90 56
90 58
90 59
90 61
90 64
90 65
90 66
90 69
90 70
90 71
90 72
90 76
90 80
90 82
90 84
90 91
90 93
90 95
90 97
90 101
90 106
90 109
90 111
90 112
90 115
90 116
90 118
90 119
90 122
90 123
90 124
90 126
90 128
90 130
90 131
90 142
90 143
90 145
90 148
90 3
90 9
90 12
90 13
90 14
90 20
90 25
90 32
90 37
90 40
90 41
90 44
90 45
90 55
90 57
90 60
90 62
90 67
90 68
90 73
90 74
90 79
90 81
90 83
90 86
90 87
90 88
90 89
90 94
90 99
90 100
90 102
90 105
90 113
90 114
90 117
90 125
90 129
90 134
90 139
90 147
91 1
91 2
91 3
91 4
91 9
91 11
91 13
91 16
91 18
91 24
91 25
91 27
91 29
91 30
91 33
91 34
91 37
91 43
91 44
91 47
91 49
91 57
91 62
91 63
91 66
91 67
91 68
91 76
91 82
91 83
91 85
91 86
91 87
91 89
91 90
91 95
91 101
91 103
91 107
91 110
91 119
91 120
91 124
91 127
91 128
91 130
91 132
91 136
91 140
91 142
91 144
91 145
91 146
91 147
91 5
91 7
91 10
91 15
91 22
91 23
91 26
91 28
91 40
91 41
91 46
91 48
91 50
91 52
91 54
91 56
91 58
91 59
91 65
91 70
91 71
91 75
91 80
91 88
91 92
91 96
91 98
91 99
91 112
91 113
91 115
91 117
91 121
91 122
91 123
91 125
91 129
91 133
91 137
91 138
91 148
92 3
92 5
92 7
92 8
92 15
92 18
92 21
92 22
92 26
92 28
92 31
92 32
92 41
92 42
92 45
92 46
92 50
92 53
92 55
92 56
92 57
92 61
92 64
92 68
92 70
92 75
92 76
92 77
92 81
92 82
92 84
92 85
92 88
92 93
92 96
92 97
92 99
92 100
92 102
92 105
92 106
92 109
92 111
92 113
92 114
92 119
92 125
92 129
92 140
92 144
92 145
92 146
92 1
92 2
92 4
92 11
92 13
92 16
92 17
92 24
92 25
92 30
92 35
92 36
92 37
92 38
92 39
92 44
92 49
92 51
92 52
92 59
92 69
92 72
92 73
92 78
92 79
92 83
92 86
92 87
92 91
92 94
92 98
92 101
92 103
92 104
92 108
92 110
92 112
92 120
92 123
92 124
92 127
92 130
92 131
92 133
92 136
92 137
92 138
92 139
92 142
92 147
93 2
93 3
93 8
93 11
93 15
93 19
93 22
93 24
93 25
93 28
93 29
93 30
93 32
93 34
93 36
93 41
93 44
93 48
93 52
93 55
93 60
93 61
93 62
93 64
93 66
93 67
93 75
93 78
93 79
93 84
93 90
93 92
93 96
93 98
93 101
93 104
93 108
93 110
93 112
93 115
93 117
93 121
93 125
93 128
93 137
93 138
93 139
93 142
93 143
93 145
93 146
93 4
93 7
93 14
93 20
93 23
93 26
93 27
93 37
93 40
93 42
93 45
93 46
93 50
93 51
93 53
93 54
93 57
93 58
93 65
93 69
93 72
93 74
93 85
93 86
93 87
93 94
93 97
93 99
93 105
93 106
93 107
93 111
93 118
93 119
93 123
93 126
93 132
93 134
93 136
93 141
93 147
94 3
94 9
94 10
94 14
94 15
94 20
94 23
94 29
94 37
94 39
94 41
94 43
94 50
94 52
94 54
94 56
94 59
94 62
94 64
94 66
94 67
94 68
94 69
94 71
94 72
94 78
94 80
94 81
94 82
94 86
94 87
94 88
94 89
94 96
94 99
94 103
94 104
94 106
94 107
94 109
94 110
94 112
94 113
94 116
94 118
94 121
94 122
94 124
94 127
94 129
94 130
94 131
94 137
94 139
94 148
94 149
94 1
94 4
94 5
94 17
94 19
94 30
94 31
94 32
94 33
94 36
94 38
94 44
94 47
94 49
94 55
94 61
94 70
94 74
94 75
94 76
94 79
94 84
94 90
94 92
94 93
94 95
94 98
94 101
94 111
94 123
94 125
94 133
94 135
94 138
94 147
95 5
95 8
95 10
95 12
95 13
95 14
95 24
95 29
95 31
95 33
95 34
95 36
95 37
95 38
95 39
95 40
95 42
95 45
95 46
95 48
95 53
95 57
95 58
95 62
95 65
95 67
95 68
95 73
95 75
95 77
95 80
95 83
95 84
95 89
95 90
95 91
95 97
95 98
95 103
95 105
95 106
95 115
95 116
95 117
95 119
95 127
95 130
95 133
95 135
95 138
95 142
95 147
95 148
95 149
95 15
95 17
95 18
95 19
95 21
95 22
95 25
95 26
95 27
95 32
95 35
95 41
95 51
95 54
95 55
95 59
95 61
95 64
95 66
95 69
95 70
95 72
95 74
95 78
95 81
95 82
95 88
95 94
95 99
95 104
95 108
95 110
95 112
95 113
95 114
95 120
95 125
95 126
95 128
95 131
95 139
95 140
95 143
96 6
96 7
96 8
96 9
96 11
96 13
96 21
96 25
96 28
96 29
96 30
96 31
96 33
96 34
96 36
96 37
96 39
96 42
96 44
96 52
96 58
96 62
96 64
96 66
96 71
96 72
96 75
96 76
96 79
96 81
96 82
96 89
96 92
96 93
96 94
96 101
96 102
96 105
96 109
96 110
96 114
96 116
96 118
96 119
96 120
96 122
96 125
96 126
96 128
96 133
96 136
96 137
96 139
96 140
96 141
96 149
96 2
96 4
96 12
96 15
96 18
96 20
96 22
96 23
96 26
96 35
96 53
96 54
96 55
96 63
96 67
96 68
96 70
96 73
96 74
96 78
96 80
96 91
96 99
96 103
96 108
96 113
96 121
96 123
96 127
96 129
96 130
96 143
96 144
96 146
96 148
97 3
97 5
97 6
97 7
97 13
97 14
97 15
97 17
97 18
97 21
97 24
97 27
97 28
97 33
97 35
97 38
97 42
97 43
97 44
97 47
97 49
97 50
97 55
97 59
97 68
97 76
97 80
97 81
97 83
97 84
97 85
97 86
97 90
97 92
97 95
97 99
97 100
97 104
97 106
97 107
97 110
97 115
97 116
97 119
97 122
97 123
97 129
97 131
97 132
97 133
97 135
97 136
97 149
97 2
97 8
97 9
97 11
97 20
97 25
97 26
97 29
97 30
97 34
97 39
97 40
97 46
97 54
97 56
97 58
97 63
97 65
97 69
97 70
97 73
97 82
97 87
97 93
97 101
97 102
97 103
97 105
97 109
97 113
97 117
97 118
97 128
97 130
97 134
97 137
97 139
97 140
97 144
97 146
97 148
98 3
98 5
98 8
98 10
98 11
98 13
98 15
98 22
98 25
98 28
98 29
98 30
98 32
98 36
98 40
98 44
98 46
98 47
98 48
98 53
98 54
98 64
98 68
98 70
98 74
98 76
98 78
98 84
98 87
98 88
98 93
98 95
98 100
98 102
98 107
98 108
98 112
98 114
98 118
98 120
98 121
98 126
98 127
98 130
98 134
98 136
98 137
98 141
98 143
98 144
98 149
98 7
98 9
98 19
98 31
98 41
98 42
98 49
98 50
98 51
98 55
98 56
98 59
98 61
98 66
98 67
98 72
98 73
98 77
98 83
98 85
98 91
98 92
98 94
98 106
98 109
98 110
98 113
98 116
98 117
98 119
98 122
98 123
98 124
98 125
98 128
98 133
98 135
98 138
98 140
98 146
98 147
98 148
99 2
99 9
99 13
99 17
99 18
99 22
99 24
99 26
99 28
99 31
99 34
99 37
99 40
99 46
99 49
99 50
99 51
99 52
99 54
99 57
99 61
99 62
99 67
99 70
99 71
99 72
99 73
99 81
99 88
99 89
99 92
99 94
99 97
99 101
99 105
99 112
99 116
99 119
99 125
99 127
99 129
99 132
99 134
99 135
99 136
99 137
99 138
99 140
99 142
99 146
99 148
99 6
99 8
99 10
99 11
99 20
99 23
99 27
99 29
99 30
99 35
99 42
99 43
99 44
99 48
99 56
99 58
99 59
99 65
99 66
99 74
99 76
99 77
99 78
99 79
99 83
99 85
99 87
99 90
99 91
99 93
99 95
99 96
99 103
99 110
99 111
99 115
99 118
99 124
99 126
99 128
99 133
99 139
99 141
99 144
99 147
100 5
100 7
100 8
100 9
100 10
100 11
100 12
100 14
100 15
100 16
100 17
100 20
100 22
100 27
100 32
100 34
100 36
100 37
100 39
100 43
100 45
100 50
100 53
100 63
100 67
100 68
100 69
100 72
100 74
100 79
100 85
100 87
100 92
100 97
100 98
100 101
100 102
100 103
100 108
100 110
100 114
100 117
100 118
100 119
100 122
100 124
100 125
100 127
100 129
100 130
100 134
100 137
100 139
100 140
100 144
100 146
100 147
100 149
100 4
100 6
100 13
100 18
100 21
100 24
100 31
100 33
100 38
100 46
100 47
100 48
100 58
100 60
100 62
100 64
100 65
100 70
100 73
100 76
100 83
100 90
100 109
100 121
100 123
100 131
100 133
100 136
100 145
101 2
101 3
101 4
101 6
101 7
101 8
101 9
101 10
101 18
101 23
101 25
101 26
101 27
101 29
101 31
101 32
101 33
101 35
101 36
101 44
101 46
101 48
101 51
101 53
101 55
101 56
101 57
101 58
101 60
101 61
101 66
101 70
101 78
101 79
101 84
101 86
101 88
101 90
101 91
101 93
101 96
101 99
101 100
101 104
101 105
101 109
101 111
101 119
101 123
101 131
101 137
101 139
101 140
101 148
101 12
101 28
101 34
101 38
101 39
101 40
101 42
101 43
101 45
101 49
101 59
101 63
101 67
101 68
101 69
101 71
101 77
101 80
101 82
101 85
101 87
101 92
101 94
101 97
101 103
101 108
101 112
101 114
101 116
101 117
101 118
101 124
101 129
101 130
101 132
101 135
101 143
101 144
101 147
102 7
102 8
102 10
102 19
102 22
102 26
102 32
102 34
102 37
102 39
102 40
102 41
102 43
102 44
102 48
102 51
102 56
102 58
102 59
102 60
102 61
102 64
102 67
102 72
102 81
102 82
102 86
102 87
102 92
102 96
102 98
102 100
102 106
102 107
102 108
102 110
102 114
102 116
102 117
102 119
102 122
102 124
102 125
102 126
102 127
102 132
102 135
102 142
102 144
102 146
102 149
102 1
102 3
102 6
102 9
102 11
102 12
102 14
102 16
102 20
102 24
102 27
102 31
102 33
102 35
102 36
102 38
102 45
102 46
102 47
102 52
102 53
102 55
102 57
102 62
102 66
102 68
102 69
102 76
102 78
102 88
102 89
102 90
102 97
102 109
102 113
102 118
102 123
102 131
102 133
102 137
102 139
102 140
103 5
103 6
103 9
103 12
103 15
103 19
103 24
103 28
103 30
103 33
103 34
103 37
103 44
103 47
103 51
103 52
103 53
103 58
103 59
103 60
103 61
103 64
103 66
103 67
103 68
103 70
103 74
103 75
103 76
103 79
103 80
103 83
103 85
103 89
103 91
103 94
103 95
103 100
103 104
103 106
103 107
103 110
103 112
103 122
103 123
103 127
103 132
103 135
103 136
103 137
103 138
103 139
103 141
103 143
103 147
103 149
103 8
103 10
103 13
103 18
103 20
103 25
103 26
103 29
103 31
103 35
103 39
103 46
103 48
103 49
103 54
103 56
103 69
103 77
103 78
103 81
103 88
103 92
103 96
103 97
103 99
103 101
103 108
103 109
103 111
103 113
103 117
103 118
103 119
103 121
103 125
103 129
103 133
103 134
103 144
103 146
104 2
104 8
104 9
104 10
104 15
104 16
104 17
104 18
104 19
104 22
104 28
104 29
104 30
104 34
104 37
104 38
104 46
104 48
104 51
104 61
104 62
104 66
104 70
104 71
104 72
104 76
104 78
104 80
104 81
104 87
104 93
104 94
104 97
104 101
104 103
104 105
104 110
104 113
104 114
104 117
104 119
104 121
104 122
104 123
104 124
104 125
104 126
104 127
104 129
104 133
104 136
104 137
104 140
104 143
104 148
104 149
104 1
104 3
104 4
104 5
104 6
104 7
104 11
104 12
104 13
104 20
104 25
104 27
104 31
104 36
104 41
104 42
104 49
104 50
104 52
104 53
104 59
104 63
104 67
104 68
104 73
104 74
104 75
104 82
104 83
104 85
104 89
104 92
104 95
104 106
104 109
104 111
104 112
104 116
104 118
104 120
104 128
104 131
104 132
104 135
104 138
104 139
104 141
104 144
104 145
104 146
104 147
105 2
105 3
105 4
105 6
105 11
105 12
105 13
105 15
105 17
105 18
105 23
105 34
105 38
105 46
105 48
105 49
105 50
105 51
105 52
105 53
105 54
105 55
105 56
105 57
105 61
105 63
105 67
105 71
105 72
105 75
105 77
105 82
105 85
105 86
105 87
105 89
105 92
105 95
105 96
105 99
105 101
105 104
105 106
105 109
105 115
105 128
105 135
105 136
105 137
105 140
105 142
105 145
105 149
105 8
105 9
105 20
105 21
105 25
105 27
105 29
105 30
105 32
105 33
105 35
105 39
105 40
105 43
105 44
105 45
105 47
105 59
105 64
105 66
105 69
105 70
105 76
105 78
105 79
105 80
105 81
105 90
105 93
105 97
105 107
105 112
105 114
105 117
105 119
105 125
105 126
105 127
105 131
105 138
105 139
105 143
105 146
106 2
106 3
106 5
106 11
106 13
106 21
106 26
106 28
106 32
106 42
106 43
106 45
106 47
106 49
106 52
106 57
106 63
106 64
106 68
106 70
106 75
106 76
106 77
106 79
106 81
106 89
106 90
106 92
106 94
106 95
106 97
106 102
106 103
106 105
106 107
106 109
106 111
106 113
106 116
106 117
106 120
106 123
106 124
106 126
106 131
106 134
106 136
106 139
106 140
106 142
106 145
106 147
106 7
106 8
106 15
106 19
106 22
106 24
106 29
106 30
106 34
106 37
106 38
106 39
106 40
106 41
106 50
106 51
106 53
106 55
106 59
106 61
106 62
106 66
106 72
106 74
106 82
106 84
106 86
106 93
106 98
106 104
106 110
106 112
106 114
106 119
106 125
106 127
106 130
106 133
106 143
107 3
107 5
107 7
107 8
107 10
107 15
107 16
107 17
107 20
107 21
107 24
107 25
107 29
107 31
107 33
107 35
107 41
107 43
107 47
107 48
107 49
107 50
107 53
107 60
107 63
107 66
107 67
107 69
107 71
107 73
107 78
107 81
107 83
107 91
107 94
107 97
107 98
107 102
107 103
107 106
107 108
107 109
107 112
107 115
107 119
107 121
107 123
107 125
107 128
107 130
107 131
107 132
107 133
107 134
107 136
107 141
107 144
107 145
107 149
107 1
107 2
107 12
107 13
107 14
107 30
107 32
107 36
107 37
107 39
107 44
107 46
107 51
107 57
107 59
107 68
107 70
107 72
107 77
107 79
107 80
107 82
107 86
107 88
107 93
107 105
107 114
107 116
107 124
107 126
107 129
107 138
107 143
107 148
108 5
108 7
108 8
108 9
108 14
108 16
108 18
108 19
108 23
108 25
108 28
108 32
108 34
108 36
108 38
108 40
108 46
108 48
108 53
108 55
108 58
108 59
108 60
108 61
108 62
108 63
108 68
108 69
108 70
108 74
108 80
108 82
108 87
108 88
108 89
108 93
108 98
108 100
108 102
108 107
108 115
108 119
108 120
108 121
108 122
108 123
108 126
108 127
108 128
108 136
108 137
108 138
108 146
108 148
108 4
108 6
108 10
108 15
108 17
108 20
108 22
108 24
108 26
108 33
108 35
108 41
108 43
108 47
108 49
108 52
108 54
108 66
108 73
108 77
108 78
108 84
108 92
108 95
108 96
108 101
108 103
108 112
108 114
108 116
108 117
108 118
108 124
108 129
108 130
108 132
108 135
108 143
108 144
108 147
109 10
109 12
109 14
109 19
109 20
109 22
109 29
109 36
109 38
109 40
109 41
109 42
109 43
109 44
109 45
109 47
109 48
109 51
109 52
109 55
109 57
109 59
109 61
109 66
109 67
109 71
109 83
109 85
109 90
109 92
109 94
109 96
109 101
109 105
109 106
109 107
109 112
109 113
109 115
109 117
109 118
109 119
109 122
109 123
109 126
109 127
109 128
109 131
109 133
109 135
109 136
109 137
109 141
109 143
109 148
109 149
109 2
109 4
109 6
109 7
109 17
109 18
109 21
109 23
109 24
109 25
109 26
109 27
109 35
109 37
109 46
109 50
109 54
109 62
109 64
109 69
109 74
109 77
109 78
109 80
109 81
109 86
109 87
109 97
109 98
109 100
109 102
109 103
109 104
109 116
109 120
109 125
109 130
109 138
109 140
109 144
109 146
109 147
110 1
110 2
110 5
110 7
110 8
110 9
110 10
110 21
110 22
110 23
110 24
110 25
110 27
110 34
110 36
110 41
110 46
110 47
110 48
110 50
110 52
110 53
110 54
110 57
110 58
110 60
110 62
110 64
110 66
110 68
110 73
110 74
110 77
110 87
110 89
110 91
110 93
110 94
110 96
110 97
110 100
110 102
110 103
110 104
110 111
110 113
110 115
110 116
110 119
110 121
110 126
110 130
110 137
110 138
110 145
110 6
110 11
110 13
110 19
110 31
110 35
110 43
110 44
110 49
110 51
110 55
110 56
110 59
110 61
110 63
110 70
110 72
110 78
110 79
110 80
110 88
110 92
110 95
110 98
110 99
110 106
110 122
110 123
110 125
110 127
110 131
110 132
110 133
110 135
110 139
110 143
110 147
110 148
111 2
111 6
111 7
111 23
111 33
111 39
111 40
111 44
111 49
111 57
111 58
111 59
111 61
111 71
111 72
111 73
111 75
111 76
111 88
111 89
111 90
111 92
111 101
111 106
111 110
111 114
111 116
111 117
111 118
111 120
111 122
111 126
111 128
111 131
111 134
111 138
111 142
111 145
111 9
111 11
111 13
111 17
111 18
111 21
111 26
111 27
111 30
111 32
111 34
111 35
111 37
111 43
111 46
111 48
111 52
111 53
111 54
111 55
111 56
111 62
111 64
111 66
111 74
111 77
111 78
111 80
111 81
111 82
111 83
111 86
111 93
111 94
111 99
111 103
111 104
111 121
111 123
111 127
111 130
111 132
111 133
111 137
111 139
111 141
112 1
112 4
112 8
112 9
112 13
112 18
112 19
112 20
112 24
112 26
112 27
112 29
112 30
112 32
112 36
112 37
112 40
112 41
112 45
112 46
112 47
112 54
112 55
112 56
112 64
112 65
112 68
112 69
112 76
112 77
112 79
112 80
112 82
112 86
112 90
112 93
112 94
112 98
112 99
112 103
112 107
112 109
112 119
112 125
112 127
112 133
112 137
112 139
112 141
112 143
112 144
112 149
112 3
112 6
112 7
112 11
112 14
112 15
112 22
112 42
112 49
112 50
112 57
112 60
112 62
112 63
112 66
112 70
112 73
112 81
112 83
112 85
112 87
112 89
112 91
112 92
112 95
112 101
112 104
112 105
112 106
112 108
112 113
112 116
112 117
112 120
112 123
112 124
112 126
112 129
112 130
112 131
112 132
112 135
112 140
112 142
112 145
112 147
113 1
113 3
113 5
113 7
113 11
113 12
113 16
113 19
113 23
113 24
113 25
113 31
113 32
113 33
113 35
113 36
113 40
113 46
113 47
113 49
113 50
113 53
113 54
113 55
113 59
113 61
113 63
113 70
113 72
113 77
113 78
113 84
113 86
113 92
113 94
113 104
113 106
113 109
113 110
113 116
113 117
113 122
113 123
113 126
113 128
113 130
113 137
113 141
113 142
113 2
113 9
113 10
113 13
113 17
113 18
113 20
113 21
113 27
113 28
113 38
113 39
113 41
113 42
113 44
113 45
113 52
113 58
113 64
113 65
113 66
113 69
113 71
113 73
113 76
113 79
113 82
113 85
113 87
113 90
113 91
113 95
113 96
113 97
113 98
113 102
113 103
113 112
113 118
113 119
113 120
113 124
113 131
113 132
113 136
113 139
113 145
113 147
114 2
114 5
114 6
114 7
114 10
114 11
114 12
114 14
114 15
114 17
114 18
114 19
114 20
114 22
114 25
114 27
114 28
114 29
114 33
114 34
114 36
114 39
114 41
114 42
114 44
114 46
114 47
114 50
114 51
114 56
114 62
114 68
114 72
114 73
114 75
114 77
114 80
114 81
114 84
114 85
114 86
114 92
114 96
114 98
114 100
114 102
114 104
114 111
114 122
114 125
114 127
114 129
114 135
114 138
114 139
114 140
114 142
114 143
114 148
114 149
114 3
114 16
114 21
114 26
114 32
114 35
114 38
114 52
114 54
114 58
114 60
114 63
114 64
114 65
114 66
114 67
114 76
114 78
114 89
114 90
114 95
114 101
114 105
114 106
114 107
114 108
114 115
114 120
114 126
114 128
114 131
114 134
114 144
115 5
115 7
115 14
115 16
115 25
115 26
115 27
115 29
115 30
115 32
115 34
115 35
115 36
115 41
115 42
115 47
115 49
115 52
115 54
115 63
115 66
115 70
115 72
115 73
115 76
115 80
115 83
115 89
115 90
115 93
115 95
115 97
115 105
115 107
115 108
115 109
115 110
115 118
115 131
115 132
115 136
115 137
115 139
115 142
115 144
115 146
115 149
115 9
115 12
115 15
115 19
115 20
115 21
115 22
115 28
115 31
115 37
115 43
115 48
115 56
115 59
115 61
115 64
115 68
115 71
115 77
115 82
115 86
115 91
115 99
115 114
115 123
115 125
115 133
115 135
115 138
115 147
116 4
116 7
116 8
116 10
116 15
116 17
116 20
116 21
116 22
116 26
116 30
116 33
116 35
116 39
116 45
116 48
116 49
116 50
116 52
116 53
116 54
116 60
116 61
116 66
116 67
116 72
116 73
116 74
116 79
116 82
116 89
116 90
116 94
116 95
116 96
116 97
116 99
116 102
116 106
116 110
116 111
116 113
116 117
116 118
116 119
116 121
116 122
116 123
116 124
116 126
116 127
116 132
116 136
116 137
116 140
116 142
116 143
116 145
116 148
116 149
116 1
116 2
116 5
116 6
116 11
116 12
116 13
116 14
116 16
116 25
116 31
116 32
116 36
116 37
116 40
116 42
116 57
116 58
116 62
116 65
116 68
116 75
116 83
116 84
116 85
116 86
116 87
116 88
116 98
116 101
116 104
116 107
116 108
116 109
116 112
116 120
116 125
116 129
116 131
116 133
116 134
116 135
116 141
116 146
116 147
117 1
117 2
117 6
117 7
117 9
117 10
117 14
117 16
117 21
117 23
117 26
117 28
117 34
117 36
117 40
117 41
117 47
117 48
117 51
117 54
117 56
117 64
117 65
117 67
117 71
117 75
117 78
117 83
117 85
117 88
117 93
117 95
117 100
117 102
117 104
117 106
117 109
117 111
117 113
117 116
117 119
117 123
117 126
117 128
117 132
117 136
117 139
117 143
117 144
117 146
117 147
117 148
117 149
117 3
117 13
117 15
117 17
117 22
117 25
117 32
117 37
117 43
117 45
117 53
117 59
117 66
117 69
117 74
117 76
117 80
117 86
117 89
117 90
117 91
117 97
117 98
117 101
117 103
117 105
117 108
117 112
117 118
117 121
117 129
117 130
117 133
117 141
117 145
118 1
118 3
118 4
118 8
118 10
118 16
118 19
118 23
118 25
118 26
118 27
118 32
118 34
118 36
118 41
118 44
118 46
118 49
118 50
118 55
118 59
118 60
118 64
118 68
118 71
118 73
118 80
118 81
118 82
118 89
118 90
118 94
118 96
118 98
118 100
118 109
118 111
118 115
118 116
118 119
118 121
118 122
118 126
118 127
118 128
118 129
118 130
118 131
118 132
118 134
118 136
118 138
118 144
118 145
118 146
118 147
118 2
118 5
118 13
118 14
118 15
118 17
118 18
118 20
118 22
118 30
118 31
118 33
118 38
118 39
118 40
118 47
118 51
118 52
118 56
118 57
118 58
118 62
118 65
118 69
118 70
118 72
118 74
118 75
118 84
118 88
118 93
118 97
118 99
118 101
118 102
118 103
118 104
118 108
118 113
118 117
118 120
118 125
118 133
118 135
118 139
118 141
118 142
119 1
119 5
119 7
119 9
119 19
119 21
119 22
119 23
119 32
119 33
119 38
119 40
119 44
119 45
119 47
119 49
119 50
119 51
119 54
119 60
119 61
119 64
119 71
119 72
119 73
119 76
119 79
119 81
119 82
119 84
119 85
119 90
119 91
119 92
119 95
119 96
119 97
119 99
119 100
119 101
119 102
119 104
119 107
119 108
119 109
119 110
119 112
119 116
119 117
119 118
119 138
119 142
119 144
119 148
119 149
119 2
119 4
119 8
119 12
119 13
119 17
119 29
119 30
119 34
119 35
119 37
119 39
119 41
119 43
119 46
119 53
119 63
119 68
119 70
119 74
119 77
119 78
119 83
119 86
119 87
119 93
119 98
119 103
119 105
119 106
119 113
119 126
119 127
119 129
119 131
119 135
119 136
119 137
119 139
119 143
119 147
120 1
120 2
120 4
120 11
120 13
120 17
120 22
120 24
120 28
120 30
120 31
120 33
120 35
120 36
120 38
120 39
120 40
120 42
120 45
120 47
120 51
120 53
120 56
120 63
120 65
120 66
120 68
120 69
120 71
120 72
120 73
120 74
120 81
120 83
120 84
120 85
120 86
120 89
120 91
120 96
120 98
120 106
120 108
120 111
120 121
120 122
120 127
120 130
120 131
120 133
120 135
120 138
120 139
120 142
120 144
120 6
120 8
120 9
120 14
120 19
120 20
120 29
120 48
120 49
120 52
120 57
120 59
120 61
120 62
120 70
120 87
120 88
120 92
120 95
120 104
120 109
120 112
120 113
120 114
120 116
120 118
120 123
120 124
120 134
120 136
120 140
120 143
120 145
120 146
121 3
121 5
121 7
121 8
121 9
121 15
121 18
121 24
121 26
121 28
121 29
121 30
121 42
121 43
121 44
121 45
121 50
121 52
121 53
121 58
121 59
121 60
121 62
121 63
121 65
121 66
121 70
121 72
121 73
121 75
121 81
121 86
121 87
121 93
121 94
121 98
121 104
121 107
121 108
121 110
121 116
121 118
121 120
121 124
121 129
121 132
121 136
121 137
121 140
121 141
121 147
121 1
121 4
121 10
121 14
121 17
121 21
121 23
121 25
121 27
121 31
121 32
121 34
121 35
121 36
121 38
121 39
121 41
121 55
121 57
121 64
121 78
121 84
121 91
121 96
121 100
121 103
121 111
121 117
121 123
121 125
121 127
121 135
121 138
121 139
121 142
121 145
121 146
121 148
122 1
122 2
122 4
122 5
122 9
122 11
122 12
122 18
122 19
122 23
122 25
122 30
122 31
122 33
122 34
122 35
122 36
122 37
122 39
122 41
122 48
122 49
122 55
122 56
122 62
122 68
122 69
122 70
122 71
122 73
122 74
122 75
122 77
122 78
122 84
122 85
122 86
122 90
122 94
122 96
122 97
122 100
122 102
122 103
122 104
122 108
122 109
122 111
122 113
122 114
122 116
122 118
122 120
122 130
122 135
122 139
122 145
122 146
122 147
122 149
122 7
122 8
122 13
122 14
122 15
122 22
122 24
122 26
122 29
122 40
122 45
122 46
122 50
122 51
122 52
122 53
122 54
122 57
122 58
122 59
122 60
122 65
122 66
122 72
122 80
122 87
122 91
122 98
122 110
122 125
122 126
122 127
122 128
122 131
122 136
122 138
122 141
122 143
123 1
123 3
123 4
123 6
123 7
123 8
123 12
123 14
123 15
123 17
123 21
123 22
123 27
123 31
123 33
123 34
123 35
123 36
123 39
123 42
123 43
123 50
123 51
123 52
123 53
123 59
123 61
123 62
123 63
123 64
123 66
123 70
123 72
123 75
123 76
123 78
123 83
123 88
123 90
123 97
123 101
123 103
123 104
123 106
123 107
123 108
123 109
123 113
123 116
123 117
123 127
123 128
123 133
123 134
123 135
123 140
123 141
123 148
123 2
123 10
123 11
123 23
123 24
123 26
123 28
123 30
123 32
123 37
123 44
123 46
123 49
123 54
123 55
123 58
123 65
123 71
123 73
123 74
123 77
123 79
123 80
123 82
123 86
123 91
123 92
123 93
123 94
123 96
123 98
123 100
123 102
123 110
123 111
123 112
123 115
123 120
123 121
123 124
123 125
123 126
123 130
123 137
123 138
123 142
123 145
124 3
124 4
124 9
124 14
124 19
124 20
124 24
124 26
124 28
124 32
124 37
124 40
124 43
124 44
124 46
124 47
124 54
124 59
124 61
124 68
124 69
124 75
124 76
124 80
124 81
124 83
124 84
124 88
124 90
124 91
124 94
124 100
124 102
124 104
124 106
124 116
124 121
124 125
124 126
124 128
124 130
124 132
124 133
124 134
124 135
124 141
124 143
124 145
124 148
124 6
124 8
124 11
124 15
124 16
124 18
124 22
124 25
124 27
124 29
124 35
124 39
124 41
124 42
124 49
124 56
124 58
124 60
124 65
124 66
124 70
124 77
124 78
124 85
124 92
124 98
124 99
124 101
124 107
124 108
124 112
124 113
124 120
124 123
124 127
124 129
124 131
124 136
124 142
124 144
124 147
125 8
125 9
125 11
125 12
125 13
125 15
125 16
125 18
125 20
125 23
125 25
125 26
125 30
125 36
125 43
125 47
125 49
125 50
125 54
125 55
125 59
125 62
125 65
125 67
125 68
125 79
125 84
125 86
125 92
125 93
125 96
125 99
125 100
125 102
125 104
125 107
125 112
125 114
125 124
125 128
125 130
125 131
125 133
125 136
125 139
125 141
125 143
125 144
125 145
125 146
125 148
125 149
125 2
125 4
125 6
125 17
125 24
125 27
125 28
125 32
125 34
125 40
125 48
125 53
125 63
125 71
125 73
125 76
125 80
125 81
125 83
125 87
125 88
125 90
125 91
125 94
125 95
125 98
125 103
125 105
125 106
125 109
125 110
125 115
125 116
125 118
125 121
125 122
125 123
125 127
125 137
126 4
126 7
126 10
126 12
126 13
126 14
126 17
126 29
126 31
126 33
126 37
126 39
126 40
126 41
126 42
126 45
126 50
126 52
126 53
126 55
126 57
126 59
126 60
126 61
126 62
126 63
126 69
126 72
126 73
126 76
126 77
126 85
126 90
126 96
126 98
126 102
126 104
126 106
126 108
126 109
126 110
126 111
126 113
126 116
126 117
126 118
126 124
126 130
126 132
126 133
126 134
126 138
126 143
126 147
126 1
126 3
126 5
126 9
126 15
126 16
126 18
126 20
126 21
126 22
126 26
126 30
126 35
126 36
126 46
126 54
126 56
126 58
126 64
126 65
126 67
126 75
126 78
126 81
126 82
126 87
126 89
126 93
126 95
126 99
126 105
126 107
126 112
126 114
126 119
126 122
126 123
126 127
126 129
126 137
126 139
126 142
127 4
127 6
127 7
127 9
127 14
127 18
127 19
127 23
127 25
127 32
127 33
127 35
127 36
127 39
127 42
127 46
127 48
127 50
127 52
127 53
127 57
127 58
127 62
127 67
127 69
127 71
127 75
127 76
127 84
127 85
127 88
127 89
127 91
127 94
127 95
127 98
127 99
127 100
127 102
127 103
127 104
127 108
127 109
127 112
127 114
127 116
127 118
127 120
127 123
127 128
127 131
127 132
127 133
127 136
127 137
127 138
127 139
127 143
127 2
127 10
127 12
127 13
127 20
127 21
127 24
127 34
127 37
127 38
127 40
127 41
127 43
127 45
127 49
127 51
127 55
127 60
127 63
127 64
127 66
127 68
127 72
127 82
127 83
127 86
127 87
127 92
127 96
127 105
127 106
127 110
127 111
127 119
127 121
127 122
127 124
127 125
127 126
127 130
127 135
127 140
127 144
127 146
127 148
128 1
128 2
128 3
128 6
128 10
128 13
128 15
128 17
128 23
128 24
128 25
128 26
128 31
128 32
128 37
128 39
128 44
128 46
128 47
128 58
128 63
128 65
128 68
128 70
128 72
128 73
128 76
128 79
128 82
128 84
128 86
128 88
128 90
128 91
128 93
128 96
128 105
128 107
128 108
128 109
128 111
128 113
128 117
128 118
128 123
128 124
128 125
128 127
128 131
128 133
128 135
128 139
128 140
128 143
128 148
128 149
128 4
128 5
128 8
128 9
128 11
128 14
128 19
128 20
128 27
128 28
128 29
128 34
128 40
128 42
128 56
128 57
128 59
128 61
128 62
128 67
128 69
128 71
128 75
128 80
128 81
128 85
128 87
128 95
128 97
128 98
128 99
128 104
128 114
128 122
128 129
128 130
128 136
128 141
128 142
128 144
128 147
129 1
129 2
129 3
129 4
129 6
129 7
129 9
129 12
129 14
129 15
129 20
129 22
129 23
129 26
129 27
129 30
129 32
129 33
129 35
129 36
129 39
129 40
129 41
129 42
129 45
129 47
129 48
129 49
129 50
129 51
129 54
129 55
129 57
129 58
129 61
129 63
129 65
129 68
129 72
129 77
129 78
129 79
129 81
129 87
129 88
129 92
129 94
129 97
129 99
129 100
129 104
129 114
129 118
129 121
129 134
129 139
129 141
129 143
129 145
129 149
129 8
129 10
129 13
129 16
129 17
129 18
129 21
129 29
129 31
129 38
129 46
129 59
129 64
129 66
129 73
129 76
129 83
129 90
129 91
129 96
129 101
129 103
129 107
129 108
129 112
129 116
129 117
129 119
129 124
129 126
129 128
129 136
129 137
129 140
129 148
130 3
130 15
130 16
130 21
130 23
130 27
130 28
130 32
130 34
130 35
130 38
130 39
130 40
130 42
130 44
130 50
130 51
130 57
130 64
130 66
130 70
130 71
130 72
130 76
130 78
130 79
130 80
130 85
130 88
130 89
130 90
130 91
130 94
130 95
130 98
130 100
130 107
130 110
130 113
130 118
130 120
130 122
130 124
130 125
130 126
130 133
130 138
130 141
130 142
130 143
130 145
130 146
130 147
130 149
130 1
130 4
130 8
130 10
130 19
130 25
130 29
130 31
130 33
130 36
130 43
130 46
130 47
130 49
130 52
130 55
130 58
130 59
130 61
130 63
130 65
130 69
130 74
130 81
130 82
130 84
130 92
130 96
130 97
130 101
130 106
130 108
130 109
130 111
130 112
130 117
130 123
130 127
130 128
130 134
130 139
130 144
131 6
131 8
131 14
131 15
131 19
131 20
131 21
131 28
131 29
131 30
131 39
131 40
131 42
131 45
131 46
131 48
131 51
131 52
131 54
131 58
131 59
131 61
131 63
131 71
131 72
131 76
131 77
131 81
131 84
131 85
131 90
131 94
131 97
131 101
131 106
131 107
131 109
131 111
131 115
131 118
131 120
131 125
131 127
131 128
131 133
131 136
131 140
131 145
131 146
131 147
131 149
131 3
131 4
131 5
131 9
131 11
131 12
131 23
131 24
131 27
131 37
131 38
131 43
131 49
131 62
131 68
131 70
131 74
131 75
131 86
131 87
131 88
131 89
131 92
131 95
131 100
131 102
131 104
131 105
131 110
131 112
131 113
131 114
131 116
131 119
131 122
131 124
131 135
131 137
131 141
131 143
131 144
132 2
132 3
132 4
132 5
132 9
132 14
132 22
132 31
132 32
132 34
132 38
132 41
132 42
132 45
132 50
132 52
132 54
132 56
132 58
132 59
132 61
132 63
132 66
132 67
132 69
132 71
132 74
132 77
132 79
132 81
132 82
132 83
132 85
132 91
132 97
132 99
132 102
132 103
132 107
132 115
132 116
132 117
132 118
132 121
132 124
132 126
132 127
132 133
132 134
132 137
132 139
132 143
132 145
132 148
132 1
132 8
132 13
132 18
132 20
132 21
132 24
132 25
132 27
132 29
132 30
132 33
132 35
132 36
132 37
132 39
132 40
132 46
132 47
132 51
132 55
132 62
132 64
132 70
132 72
132 73
132 78
132 86
132 93
132 101
132 104
132 108
132 110
132 111
132 112
132 113
132 141
132 142
132 144
132 146
133 2
133 7
133 8
133 10
133 12
133 18
133 19
133 20
133 21
133 22
133 29
133 33
133 34
133 36
133 40
133 41
133 44
133 46
133 54
133 58
133 60
133 62
133 66
133 67
133 69
133 70
133 72
133 81
133 87
133 89
133 95
133 96
133 97
133 104
133 107
133 109
133 112
133 120
133 123
133 124
133 125
133 126
133 127
133 128
133 130
133 131
133 132
133 140
133 141
133 144
133 146
133 149
133 14
133 17
133 23
133 24
133 31
133 32
133 35
133 39
133 42
133 48
133 49
133 52
133 55
133 56
133 57
133 63
133 78
133 82
133 85
133 88
133 91
133 92
133 94
133 98
133 99
133 100
133 102
133 103
133 106
133 110
133 111
133 115
133 116
133 117
133 118
133 135
133 136
133 137
133 139
133 143
133 147
134 3
134 4
134 6
134 8
134 11
134 12
134 16
134 18
134 20
134 23
134 24
134 38
134 39
134 41
134 46
134 49
134 53
134 55
134 60
134 63
134 67
134 68
134 70
134 71
134 75
134 79
134 80
134 85
134 86
134 87
134 88
134 89
134 98
134 99
134 100
134 106
134 107
134 111
134 118
134 123
134 124
134 126
134 129
134 132
134 135
134 139
134 140
134 141
134 142
134 144
134 145
134 149
134 1
134 7
134 9
134 13
134 14
134 15
134 17
134 19
134 22
134 25
134 26
134 27
134 30
134 35
134 36
134 40
134 43
134 50
134 52
134 54
134 57
134 58
134 59
134 61
134 65
134 69
134 73
134 76
134 77
134 78
134 81
134 82
134 83
134 90
134 93
134 97
134 103
134 114
134 116
134 120
134 130
134 137
134 138
134 148
135 3
135 7
135 8
135 12
135 13
135 14
135 15
135 16
135 17
135 19
135 20
135 22
135 23
135 25
135 26
135 27
135 28
135 30
135 32
135 34
135 37
135 39
135 41
135 42
135 43
135 47
135 51
135 52
135 54
135 55
135 56
135 58
135 59
135 60
135 61
135 64
135 70
135 72
135 75
135 76
135 78
135 80
135 82
135 85
135 89
135 95
135 97
135 99
135 102
135 103
135 105
135 109
135 114
135 120
135 122
135 123
135 124
135 128
135 134
135 138
135 139
135 143
135 148
135 149
135 1
135 2
135 4
135 6
135 24
135 36
135 44
135 45
135 46
135 48
135 53
135 62
135 66
135 73
135 74
135 79
135 81
135 84
135 94
135 98
135 101
135 104
135 108
135 110
135 112
135 115
135 116
135 118
135 119
135 121
135 127
135 131
135 133
135 137
135 141
135 144
135 146
135 147
136 2
136 6
136 11
136 15
136 21
136 25
136 27
136 28
136 33
136 42
136 43
136 44
136 48
136 51
136 53
136 54
136 59
136 64
136 65
136 71
136 72
136 74
136 79
136 85
136 86
136 91
136 96
136 97
136 98
136 99
136 103
136 104
136 105
136 106
136 107
136 108
136 109
136 115
136 116
136 117
136 118
136 121
136 125
136 127
136 131
136 138
136 140
136 145
136 146
136 147
136 1
136 3
136 7
136 8
136 12
136 14
136 19
136 23
136 29
136 30
136 32
136 36
136 38
136 39
136 40
136 46
136 49
136 50
136 57
136 60
136 61
136 66
136 67
136 68
136 70
136 77
136 80
136 81
136 82
136 87
136 88
136 89
136 92
136 93
136 100
136 113
136 119
136 120
136 122
136 124
136 128
136 129
136 133
136 139
136 141
136 143
137 2
137 5
137 7
137 10
137 12
137 13
137 16
137 20
137 21
137 25
137 30
137 31
137 33
137 38
137 40
137 47
137 50
137 56
137 57
137 58
137 62
137 65
137 67
137 68
137 75
137 77
137 81
137 85
137 88
137 89
137 93
137 94
137 96
137 98
137 99
137 100
137 101
137 103
137 104
137 105
137 108
137 109
137 110
137 112
137 113
137 115
137 116
137 121
137 127
137 132
137 138
137 146
137 148
137 4
137 6
137 11
137 15
137 19
137 22
137 27
137 28
137 32
137 41
137 43
137 44
137 45
137 46
137 49
137 52
137 55
137 61
137 66
137 69
137 71
137 79
137 80
137 91
137 92
137 97
137 102
137 111
137 119
137 123
137 125
137 126
137 129
137 131
137 133
137 134
137 135
137 140
137 143
137 144
137 147
138 1
138 3
138 4
138 8
138 13
138 14
138 17
138 19
138 21
138 25
138 28
138 29
138 30
138 31
138 34
138 36
138 47
138 50
138 52
138 53
138 55
138 56
138 59
138 61
138 63
138 68
138 72
138 73
138 75
138 76
138 79
138 80
138 84
138 86
138 89
138 93
138 95
138 99
138 103
138 108
138 110
138 111
138 114
138 118
138 119
138 120
138 126
138 127
138 130
138 135
138 136
138 137
138 139
138 145
138 149
138 2
138 15
138 16
138 22
138 26
138 27
138 35
138 42
138 43
138 46
138 49
138 54
138 58
138 62
138 65
138 67
138 74
138 78
138 81
138 85
138 87
138 91
138 92
138 94
138 98
138 104
138 105
138 107
138 109
138 115
138 121
138 122
138 123
138 134
138 140
138 141
138 143
138 146
138 147
138 148
139 1
139 3
139 6
139 8
139 13
139 15
139 17
139 19
139 21
139 23
139 26
139 28
139 29
139 30
139 31
139 32
139 33
139 34
139 35
139 37
139 39
139 40
139 42
139 43
139 44
139 45
139 47
139 60
139 61
139 63
139 71
139 72
139 75
139 79
139 83
139 93
139 94
139 96
139 100
139 101
139 103
139 106
139 112
139 114
139 115
139 117
139 120
139 122
139 125
139 127
139 128
139 129
139 132
139 134
139 135
139 138
139 142
139 147
139 149
139 2
139 4
139 11
139 14
139 20
139 24
139 25
139 27
139 48
139 49
139 55
139 56
139 57
139 58
139 62
139 65
139 69
139 70
139 73
139 76
139 82
139 88
139 90
139 92
139 95
139 97
139 99
139 102
139 104
139 105
139 110
139 111
139 113
139 118
139 119
139 121
139 126
139 130
139 133
139 136
139 140
139 143
139 148
140 1
140 6
140 9
140 10
140 11
140 16
140 19
140 23
140 25
140 31
140 35
140 36
140 37
140 39
140 41
140 42
140 44
140 45
140 48
140 49
140 50
140 53
140 54
140 55
140 56
140 59
140 60
140 62
140 65
140 67
140 68
140 70
140 71
140 74
140 78
140 81
140 86
140 87
140 91
140 92
140 96
140 99
140 100
140 101
140 104
140 105
140 106
140 114
140 116
140 121
140 123
140 128
140 131
140 133
140 134
140 136
140 141
140 144
140 148
140 3
140 5
140 8
140 13
140 20
140 21
140 27
140 29
140 32
140 33
140 43
140 47
140 51
140 52
140 64
140 69
140 72
140 75
140 77
140 80
140 82
140 83
140 84
140 89
140 95
140 97
140 98
140 102
140 109
140 112
140 120
140 127
140 129
140 137
140 138
140 139
140 142
140 145
140 147
141 1
141 2
141 3
141 4
141 7
141 14
141 19
141 23
141 26
141 33
141 35
141 38
141 39
141 41
141 42
141 47
141 49
141 50
141 58
141 61
141 63
141 65
141 70
141 72
141 74
141 76
141 78
141 79
141 83
141 89
141 96
141 98
141 103
141 107
141 109
141 112
141 113
141 121
141 123
141 124
141 125
141 129
141 130
141 133
141 134
141 140
141 142
141 143
141 6
141 11
141 12
141 13
141 15
141 21
141 22
141 30
141 31
141 34
141 45
141 46
141 48
141 52
141 55
141 56
141 59
141 60
141 62
141 64
141 66
141 67
141 68
141 73
141 82
141 87
141 93
141 99
141 104
141 111
141 116
141 117
141 118
141 122
141 128
141 131
141 132
141 135
141 136
141 138
141 146
141 147
141 148
142 7
142 14
142 15
142 16
142 17
142 20
142 24
142 27
142 39
142 42
142 43
142 44
142 46
142 52
142 53
142 55
142 57
142 58
142 63
142 64
142 66
142 69
142 73
142 74
142 77
142 79
142 84
142 85
142 87
142 88
142 90
142 91
142 93
142 95
142 99
142 102
142 105
142 106
142 111
142 113
142 114
142 115
142 116
142 119
142 120
142 130
142 134
142 139
142 141
142 144
142 147
142 149
142 1
142 2
142 3
142 13
142 18
142 28
142 33
142 34
142 36
142 37
142 38
142 47
142 48
142 49
142 51
142 59
142 71
142 72
142 81
142 82
142 83
142 86
142 89
142 92
142 112
142 118
142 121
142 123
142 124
142 126
142 128
142 132
142 140
142 146
143 1
143 3
143 4
143 6
143 8
143 9
143 13
143 18
143 19
143 20
143 21
143 22
143 25
143 30
143 34
143 35
143 36
143 37
143 40
143 41
143 42
143 44
143 47
143 48
143 49
143 50
143 51
143 53
143 59
143 61
143 68
143 69
143 72
143 78
143 80
143 81
143 83
143 88
143 89
143 90
143 93
143 98
143 103
143 104
143 109
143 112
143 114
143 116
143 117
143 124
143 125
143 126
143 127
143 128
143 129
143 130
143 132
143 135
143 141
143 10
143 16
143 24
143 26
143 27
143 32
143 43
143 45
143 52
143 54
143 63
143 73
143 77
143 87
143 95
143 96
143 101
143 105
143 106
143 107
143 108
143 110
143 119
143 120
143 122
143 131
143 133
143 136
143 137
143 138
143 139
143 148
144 12
144 13
144 16
144 18
144 19
144 23
144 25
144 28
144 30
144 31
144 35
144 42
144 47
144 49
144 52
144 53
144 58
144 63
144 65
144 71
144 73
144 76
144 81
144 83
144 87
144 91
144 92
144 98
144 100
144 102
144 107
144 112
144 115
144 117
144 118
144 119
144 120
144 125
144 133
144 134
144 140
144 142
144 146
144 149
144 3
144 6
144 7
144 8
144 9
144 10
144 15
144 17
144 20
144 21
144 22
144 29
144 32
144 34
144 37
144 38
144 39
144 40
144 43
144 45
144 50
144 56
144 62
144 64
144 69
144 74
144 84
144 86
144 89
144 96
144 97
144 99
144 101
144 103
144 104
144 108
144 109
144 114
144 124
144 127
144 128
144 130
144 131
144 132
144 135
144 137
144 145
145 1
145 4
145 6
145 9
145 10
145 11
145 12
145 16
145 19
145 21
145 26
145 27
145 28
145 30
145 32
145 36
145 39
145 41
145 42
145 49
145 54
145 55
145 57
145 59
145 61
145 63
145 66
145 71
145 72
145 74
145 76
145 81
145 85
145 87
145 88
145 90
145 91
145 92
145 93
145 105
145 106
145 107
145 110
145 111
145 116
145 118
145 122
145 124
145 125
145 129
145 130
145 131
145 132
145 134
145 136
145 138
145 147
145 149
145 2
145 3
145 5
145 8
145 15
145 22
145 23
145 25
145 29
145 31
145 33
145 35
145 43
145 44
145 47
145 62
145 70
145 75
145 77
145 78
145 79
145 82
145 83
145 89
145 100
145 104
145 112
145 113
145 117
145 120
145 121
145 123
145 140
145 144
145 146
146 5
146 8
146 9
146 14
146 15
146 16
146 18
146 19
146 26
146 30
146 37
146 38
146 40
146 41
146 44
146 45
146 48
146 53
146 54
146 55
146 58
146 61
146 63
146 64
146 66
146 68
146 75
146 76
146 80
146 83
146 86
146 91
146 92
146 93
146 99
146 100
146 102
146 108
146 115
146 117
146 118
146 122
146 125
146 130
146 131
146 133
146 136
146 137
146 144
146 149
146 2
146 3
146 6
146 7
146 10
146 11
146 13
146 17
146 32
146 34
146 35
146 42
146 43
146 46
146 50
146 51
146 52
146 59
146 60
146 62
146 69
146 72
146 74
146 77
146 78
146 81
146 84
146 85
146 89
146 96
146 97
146 98
146 103
146 104
146 105
146 109
146 116
146 120
146 121
146 127
146 132
146 135
146 138
146 141
146 142
146 145
146 147
147 5
147 7
147 8
147 26
147 27
147 34
147 39
147 41
147 43
147 45
147 50
147 58
147 60
147 66
147 67
147 68
147 69
147 72
147 73
147 77
147 80
147 81
147 82
147 84
147 87
147 89
147 91
147 95
147 100
147 103
147 106
147 117
147 118
147 121
147 122
147 126
147 130
147 131
147 136
147 139
147 142
147 145
147 149
147 1
147 4
147 6
147 14
147 15
147 20
147 22
147 24
147 25
147 28
147 30
147 36
147 38
147 40
147 44
147 49
147 52
147 53
147 56
147 57
147 62
147 70
147 71
147 76
147 79
147 90
147 92
147 93
147 94
147 98
147 99
147 101
147 104
147 108
147 109
147 110
147 112
147 113
147 115
147 116
147 119
147 124
147 128
147 133
147 135
147 137
147 138
147 140
147 141
147 146
148 7
148 8
148 9
148 12
148 18
148 19
148 20
148 21
148 22
148 25
148 29
148 31
148 33
148 34
148 35
148 38
148 41
148 44
148 48
148 49
148 50
148 53
148 58
148 60
148 61
148 63
148 67
148 68
148 73
148 75
148 77
148 79
148 81
148 88
148 89
148 90
148 94
148 95
148 99
148 101
148 104
148 108
148 109
148 114
148 116
148 117
148 119
148 123
148 124
148 125
148 128
148 132
148 135
148 137
148 140
148 149
148 1
148 2
148 10
148 14
148 16
148 24
148 26
148 27
148 36
148 37
148 39
148 40
148 42
148 46
148 51
148 52
148 54
148 57
148 66
148 69
148 72
148 74
148 80
148 83
148 84
148 85
148 86
148 91
148 96
148 97
148 98
148 107
148 110
148 121
148 127
148 129
148 134
148 138
148 139
148 141
148 143
149 4
149 8
149 13
149 14
149 15
149 16
149 17
149 19
149 24
149 25
149 26
149 29
149 30
149 31
149 34
149 39
149 43
149 46
149 47
149 48
149 49
149 50
149 51
149 52
149 56
149 58
149 59
149 60
149 64
149 68
149 69
149 71
149 72
149 74
149 77
149 79
149 81
149 88
149 89
149 94
149 95
149 96
149 97
149 98
149 100
149 102
149 103
149 104
149 105
149 107
149 109
149 112
149 114
149 115
149 116
149 117
149 119
149 122
149 125
149 128
149 129
149 130
149 131
149 133
149 134
149 135
149 138
149 139
149 142
149 144
149 145
149 146
149 147
149 148
