150
14504
1 6
1 8
1 11
1 13
1 18
1 22
1 26
1 28
1 29
1 35
1 38
1 41
1 42
1 43
1 48
1 49
1 51
1 54
1 55
1 58
1 62
1 63
1 65
1 69
1 70
1 72
1 73
1 76
1 77
1 78
1 83
1 87
1 88
1 89
1 94
1 95
1 96
1 105
1 106
1 107
1 108
1 109
1 116
1 117
1 121
1 122
1 127
1 128
1 129
1 130
1 131
1 134
1 135
1 136
1 137
1 138
1 149
1 2
1 3
1 7
1 9
1 10
1 12
1 14
1 19
1 20
1 23
1 25
1 27
1 30
1 32
1 33
1 37
1 39
1 44
1 45
1 47
1 50
1 52
1 57
1 61
1 67
1 71
1 81
1 97
1 99
1 102
1 103
1 110
1 112
1 115
1 118
1 119
1 120
1 126
1 132
1 133
1 140
1 142
1 143
2 5
2 8
2 9
2 12
2 13
2 19
2 20
2 21
2 23
2 24
2 25
2 31
2 32
2 33
2 34
2 39
2 42
2 47
2 49
2 51
2 52
2 55
2 56
2 63
2 64
2 68
2 69
2 78
2 85
2 87
2 88
2 89
2 94
2 99
2 100
2 103
2 104
2 106
2 108
2 109
2 112
2 119
2 120
2 121
2 125
2 127
2 137
2 139
2 142
2 143
2 145
2 149
2 1
2 6
2 7
2 10
2 14
2 17
2 22
2 26
2 27
2 35
2 38
2 40
2 44
2 48
2 53
2 59
2 61
2 65
2 66
2 67
2 70
2 73
2 74
2 75
2 76
2 77
2 79
2 81
2 82
2 83
2 91
2 93
2 95
2 97
2 101
2 113
2 114
2 115
2 116
2 117
2 124
2 129
2 131
2 133
2 134
2 135
2 146
2 148
3 6
3 9
3 11
3 15
3 16
3 18
3 21
3 23
3 27
3 31
3 32
3 38
3 44
3 46
3 50
3 51
3 53
3 59
3 61
3 63
3 64
3 66
3 68
3 70
3 72
3 73
3 75
3 76
3 80
3 83
3 86
3 87
3 89
3 95
3 97
3 98
3 99
3 101
3 103
3 104
3 106
3 108
3 110
3 115
3 118
3 121
3 123
3 126
3 127
3 134
3 141
3 146
3 148
3 149
3 1
3 4
3 7
3 12
3 13
3 17
3 19
3 20
3 22
3 24
3 29
3 30
3 33
3 35
3 37
3 40
3 42
3 43
3 47
3 49
3 54
3 55
3 57
3 60
3 62
3 67
3 71
3 77
3 81
3 91
3 107
3 109
3 112
3 113
3 120
3 122
3 125
3 128
3 129
3 130
3 136
3 142
3 143
4 10
4 12
4 13
4 16
4 17
4 20
4 25
4 27
4 30
4 31
4 32
4 33
4 36
4 40
4 41
4 42
4 45
4 46
4 49
4 51
4 53
4 54
4 57
4 64
4 68
4 69
4 70
4 74
4 80
4 83
4 97
4 99
4 101
4 106
4 108
4 116
4 117
4 118
4 121
4 123
4 131
4 132
4 134
4 138
4 139
4 142
4 144
4 149
4 3
4 6
4 8
4 9
4 18
4 19
4 22
4 26
4 29
4 34
4 38
4 39
4 47
4 50
4 52
4 56
4 60
4 65
4 71
4 73
4 77
4 78
4 79
4 82
4 85
4 86
4 87
4 88
4 89
4 91
4 93
4 94
4 95
4 103
4 105
4 107
4 109
4 113
4 125
4 126
4 127
4 128
4 129
4 136
4 141
4 143
4 145
4 146
4 147
5 2
5 8
5 10
5 11
5 12
5 14
5 19
5 23
5 28
5 32
5 35
5 37
5 39
5 40
5 42
5 53
5 55
5 59
5 60
5 62
5 64
5 65
5 67
5 70
5 72
5 73
5 77
5 79
5 82
5 83
5 87
5 88
5 90
5 92
5 93
5 99
5 100
5 103
5 104
5 107
5 110
5 111
5 113
5 116
5 118
5 119
5 120
5 125
5 128
5 129
5 133
5 138
5 141
5 145
5 146
5 148
5 15
5 17
5 18
5 21
5 26
5 27
5 31
5 33
5 34
5 36
5 38
5 43
5 44
5 47
5 49
5 51
5 54
5 56
5 57
5 61
5 63
5 68
5 69
5 71
5 74
5 76
5 81
5 85
5 91
5 95
5 105
5 121
5 123
5 126
5 127
5 134
5 136
5 139
5 142
5 143
5 144
6 1
6 3
6 11
6 12
6 13
6 18
6 19
6 20
6 29
6 30
6 31
6 32
6 33
6 37
6 40
6 41
6 43
6 46
6 49
6 56
6 57
6 58
6 60
6 61
6 64
6 65
6 67
6 69
6 75
6 77
6 79
6 82
6 85
6 86
6 90
6 91
6 92
6 96
6 99
6 106
6 113
6 114
6 117
6 120
6 122
6 126
6 127
6 131
6 134
6 135
6 136
6 137
6 139
6 146
6 147
6 149
6 2
6 4
6 8
6 14
6 15
6 22
6 24
6 25
6 34
6 35
6 38
6 42
6 45
6 50
6 54
6 55
6 63
6 66
6 68
6 72
6 76
6 81
6 87
6 89
6 93
6 94
6 95
6 98
6 101
6 102
6 103
6 104
6 105
6 107
6 109
6 110
6 111
6 119
6 121
6 123
6 125
6 129
6 141
6 142
6 143
6 144
6 145
7 8
7 10
7 15
7 19
7 26
7 27
7 30
7 32
7 34
7 37
7 41
7 42
7 46
7 47
7 48
7 53
7 55
7 63
7 64
7 66
7 68
7 71
7 76
7 77
7 78
7 82
7 84
7 90
7 91
7 93
7 96
7 97
7 100
7 102
7 105
7 107
7 110
7 116
7 117
7 118
7 121
7 125
7 126
7 127
7 130
7 132
7 140
7 142
7 143
7 146
7 1
7 2
7 3
7 11
7 16
7 18
7 20
7 21
7 22
7 33
7 35
7 36
7 39
7 44
7 45
7 49
7 51
7 52
7 54
7 56
7 61
7 62
7 65
7 67
7 69
7 72
7 74
7 75
7 79
7 81
7 86
7 87
7 89
7 92
7 94
7 99
7 103
7 109
7 113
7 123
7 139
7 141
7 144
7 145
8 1
8 2
8 5
8 7
8 13
8 19
8 24
8 26
8 27
8 29
8 32
8 33
8 41
8 47
8 52
8 56
8 59
8 60
8 63
8 66
8 67
8 72
8 77
8 82
8 84
8 89
8 91
8 93
8 98
8 103
8 105
8 110
8 111
8 116
8 119
8 120
8 132
8 137
8 138
8 140
8 142
8 144
8 146
8 4
8 6
8 12
8 14
8 17
8 20
8 21
8 22
8 28
8 34
8 35
8 42
8 44
8 45
8 54
8 55
8 58
8 62
8 65
8 70
8 74
8 75
8 83
8 86
8 88
8 92
8 96
8 101
8 107
8 109
8 113
8 114
8 115
8 118
8 121
8 122
8 123
8 124
8 125
8 127
8 129
8 130
8 131
8 139
8 141
8 143
8 145
9 2
9 3
9 11
9 12
9 14
9 15
9 17
9 19
9 21
9 28
9 29
9 30
9 31
9 34
9 37
9 39
9 46
9 48
9 49
9 52
9 53
9 54
9 60
9 63
9 64
9 69
9 70
9 72
9 77
9 79
9 80
9 82
9 86
9 90
9 92
9 95
9 100
9 102
9 106
9 107
9 112
9 115
9 118
9 119
9 122
9 124
9 126
9 128
9 129
9 130
9 132
9 133
9 137
9 138
9 139
9 141
9 142
9 146
9 148
9 1
9 4
9 10
9 22
9 23
9 24
9 25
9 26
9 33
9 38
9 40
9 42
9 43
9 44
9 55
9 57
9 58
9 61
9 66
9 67
9 71
9 73
9 74
9 76
9 78
9 83
9 84
9 87
9 89
9 91
9 94
9 96
9 97
9 101
9 103
9 108
9 109
9 111
9 114
9 116
9 121
9 125
9 131
9 135
9 145
10 4
10 5
10 7
10 13
10 15
10 16
10 18
10 22
10 24
10 27
10 31
10 32
10 35
10 37
10 47
10 51
10 53
10 55
10 57
10 60
10 62
10 64
10 65
10 70
10 74
10 77
10 81
10 84
10 87
10 95
10 100
10 101
10 103
10 104
10 105
10 106
10 109
10 113
10 115
10 119
10 121
10 123
10 126
10 129
10 130
10 132
10 136
10 144
10 149
10 1
10 2
10 9
10 23
10 25
10 28
10 29
10 36
10 38
10 41
10 44
10 45
10 46
10 52
10 58
10 59
10 66
10 68
10 69
10 78
10 79
10 82
10 86
10 89
10 94
10 98
10 99
10 107
10 110
10 112
10 116
10 120
10 125
10 131
10 133
10 137
10 138
10 139
10 142
10 145
10 146
10 147
10 148
11 1
11 3
11 5
11 6
11 9
11 13
11 15
11 21
11 24
11 27
11 33
11 34
11 35
11 37
11 38
11 39
11 40
11 42
11 43
11 44
11 45
11 47
11 53
11 54
11 57
11 58
11 60
11 61
11 62
11 67
11 72
11 73
11 74
11 75
11 85
11 86
11 88
11 89
11 90
11 91
11 96
11 101
11 103
11 105
11 107
11 108
11 111
11 125
11 136
11 139
11 141
11 143
11 146
11 148
11 7
11 12
11 14
11 16
11 17
11 18
11 26
11 28
11 30
11 32
11 36
11 48
11 49
11 50
11 51
11 52
11 59
11 64
11 66
11 68
11 69
11 70
11 81
11 83
11 84
11 87
11 92
11 93
11 97
11 99
11 100
11 102
11 104
11 109
11 110
11 113
11 115
11 117
11 120
11 122
11 123
11 127
11 129
11 134
11 135
11 137
11 140
11 142
11 147
12 2
12 4
12 5
12 6
12 9
12 17
12 20
12 22
12 23
12 29
12 33
12 38
12 42
12 44
12 46
12 47
12 48
12 52
12 55
12 58
12 59
12 60
12 62
12 63
12 78
12 84
12 85
12 88
12 90
12 93
12 95
12 98
12 99
12 100
12 101
12 103
12 108
12 116
12 119
12 124
12 125
12 131
12 132
12 134
12 136
12 139
12 142
12 143
12 146
12 1
12 3
12 8
12 11
12 15
12 21
12 25
12 35
12 51
12 53
12 56
12 57
12 64
12 66
12 69
12 72
12 73
12 74
12 80
12 86
12 87
12 94
12 96
12 97
12 106
12 107
12 110
12 114
12 117
12 122
12 126
12 127
12 135
12 138
12 140
12 144
12 148
13 1
13 2
13 4
13 6
13 8
13 10
13 11
13 17
13 19
13 21
13 22
13 25
13 27
13 28
13 29
13 33
13 34
13 37
13 53
13 54
13 55
13 59
13 63
13 64
13 67
13 69
13 70
13 72
13 73
13 74
13 75
13 77
13 83
13 85
13 87
13 90
13 92
13 97
13 102
13 103
13 107
13 112
13 115
13 116
13 118
13 121
13 125
13 126
13 131
13 133
13 135
13 138
13 144
13 3
13 18
13 24
13 26
13 30
13 31
13 32
13 35
13 38
13 39
13 40
13 41
13 42
13 44
13 46
13 47
13 48
13 56
13 58
13 60
13 62
13 66
13 78
13 79
13 80
13 81
13 82
13 89
13 94
13 96
13 98
13 99
13 100
13 111
13 113
13 114
13 117
13 122
13 123
13 127
13 129
13 130
13 132
13 134
13 139
13 140
13 143
13 145
13 147
14 5
14 9
14 15
14 17
14 20
14 21
14 22
14 27
14 29
14 34
14 37
14 40
14 41
14 42
14 50
14 51
14 52
14 55
14 56
14 59
14 63
14 64
14 65
14 69
14 74
14 75
14 76
14 77
14 78
14 80
14 90
14 91
14 92
14 93
14 102
14 103
14 107
14 110
14 114
14 116
14 117
14 120
14 121
14 124
14 127
14 130
14 131
14 133
14 140
14 141
14 143
14 144
14 145
14 148
14 1
14 2
14 6
14 8
14 11
14 16
14 18
14 19
14 23
14 25
14 30
14 31
14 33
14 36
14 38
14 43
14 47
14 53
14 57
14 67
14 83
14 85
14 88
14 89
14 96
14 98
14 101
14 104
14 105
14 106
14 112
14 118
14 119
14 126
14 128
14 129
14 138
14 139
14 142
14 146
15 3
15 7
15 9
15 10
15 11
15 14
15 19
15 22
15 23
15 27
15 29
15 32
15 36
15 38
15 41
15 44
15 45
15 46
15 49
15 51
15 53
15 56
15 67
15 68
15 77
15 83
15 84
15 88
15 89
15 91
15 93
15 95
15 97
15 98
15 101
15 104
15 107
15 108
15 109
15 110
15 111
15 117
15 120
15 122
15 126
15 129
15 136
15 138
15 141
15 142
15 5
15 6
15 12
15 16
15 21
15 25
15 26
15 34
15 37
15 39
15 43
15 47
15 52
15 58
15 60
15 64
15 65
15 66
15 69
15 72
15 73
15 74
15 75
15 76
15 78
15 80
15 81
15 82
15 90
15 92
15 94
15 96
15 100
15 112
15 113
15 114
15 115
15 116
15 123
15 128
15 130
15 132
15 133
15 134
15 145
15 147
15 148
16 3
16 4
16 10
16 18
16 20
16 21
16 22
16 23
16 27
16 33
16 37
16 38
16 44
16 50
16 51
16 53
16 57
16 58
16 63
16 65
16 70
16 73
16 76
16 80
16 81
16 82
16 84
16 85
16 86
16 88
16 90
16 96
16 97
16 99
16 102
16 108
16 109
16 111
16 112
16 113
16 114
16 116
16 120
16 122
16 123
16 126
16 127
16 128
16 129
16 135
16 136
16 145
16 146
16 7
16 11
16 14
16 15
16 19
16 24
16 25
16 29
16 31
16 32
16 34
16 36
16 41
16 42
16 45
16 47
16 49
16 52
16 54
16 55
16 59
16 61
16 66
16 67
16 69
16 72
16 74
16 79
16 83
16 89
16 93
16 103
16 119
16 121
16 124
16 125
16 132
16 134
16 137
16 140
16 141
16 142
16 148
17 4
17 9
17 12
17 13
17 14
17 18
17 19
17 20
17 21
17 28
17 29
17 32
17 35
17 36
17 38
17 39
17 42
17 48
17 50
17 55
17 56
17 58
17 62
17 65
17 68
17 70
17 71
17 78
17 79
17 80
17 83
17 84
17 86
17 91
17 93
17 95
17 97
17 105
17 108
17 109
17 115
17 117
17 121
17 122
17 123
17 124
17 137
17 140
17 144
17 145
17 146
17 147
17 149
17 2
17 3
17 5
17 8
17 11
17 23
17 24
17 31
17 33
17 34
17 43
17 44
17 47
17 51
17 54
17 59
17 63
17 64
17 72
17 75
17 77
17 81
17 85
17 90
17 96
17 98
17 102
17 103
17 104
17 107
17 110
17 111
17 112
17 113
17 114
17 116
17 118
17 119
17 120
17 128
17 130
17 132
17 134
17 138
18 1
18 3
18 6
18 10
18 16
18 17
18 19
18 25
18 27
18 29
18 35
18 37
18 43
18 45
18 46
18 48
18 49
18 51
18 58
18 60
18 61
18 63
18 66
18 67
18 68
18 70
18 79
18 83
18 86
18 90
18 97
18 98
18 102
18 110
18 117
18 118
18 120
18 121
18 122
18 128
18 130
18 134
18 137
18 140
18 142
18 144
18 145
18 147
18 149
18 4
18 5
18 7
18 11
18 13
18 14
18 20
18 21
18 22
18 23
18 24
18 31
18 36
18 38
18 40
18 41
18 42
18 53
18 55
18 56
18 59
18 64
18 65
18 69
18 71
18 72
18 74
18 76
18 81
18 82
18 85
18 87
18 89
18 92
18 94
18 95
18 99
18 101
18 106
18 107
18 109
18 112
18 114
18 119
18 123
18 129
18 133
18 143
19 2
19 5
19 6
19 7
19 8
19 9
19 13
19 15
19 17
19 18
19 21
19 22
19 23
19 26
19 27
19 31
19 34
19 37
19 39
19 47
19 49
19 55
19 56
19 64
19 67
19 70
19 71
19 72
19 81
19 82
19 87
19 88
19 91
19 92
19 95
19 98
19 100
19 107
19 109
19 111
19 112
19 115
19 116
19 120
19 121
19 122
19 130
19 133
19 135
19 141
19 142
19 143
19 149
19 1
19 3
19 4
19 14
19 16
19 30
19 32
19 35
19 36
19 43
19 45
19 48
19 51
19 52
19 53
19 59
19 65
19 66
19 73
19 75
19 76
19 85
19 86
19 89
19 93
19 96
19 101
19 105
19 106
19 114
19 117
19 119
19 123
19 127
19 132
19 138
19 140
19 144
19 145
19 146
20 2
20 4
20 6
20 12
20 14
20 16
20 17
20 22
20 23
20 35
20 37
20 43
20 47
20 53
20 54
20 55
20 56
20 57
20 58
20 59
20 69
20 70
20 71
20 73
20 76
20 77
20 78
20 79
20 90
20 91
20 92
20 104
20 105
20 110
20 111
20 117
20 119
20 122
20 124
20 128
20 130
20 132
20 134
20 135
20 137
20 141
20 142
20 144
20 149
20 1
20 3
20 7
20 8
20 18
20 21
20 24
20 25
20 26
20 27
20 28
20 30
20 32
20 33
20 34
20 42
20 44
20 46
20 48
20 52
20 64
20 65
20 66
20 67
20 68
20 75
20 80
20 82
20 84
20 85
20 86
20 97
20 99
20 100
20 103
20 108
20 109
20 113
20 115
20 116
20 118
20 120
20 125
20 126
20 129
20 131
20 133
20 136
20 138
20 139
20 143
20 145
21 2
21 3
21 9
21 11
21 13
21 14
21 16
21 17
21 19
21 22
21 25
21 27
21 28
21 30
21 32
21 37
21 39
21 42
21 43
21 44
21 47
21 48
21 51
21 54
21 55
21 61
21 62
21 64
21 65
21 66
21 70
21 74
21 75
21 80
21 85
21 87
21 88
21 90
21 95
21 96
21 101
21 104
21 106
21 108
21 113
21 115
21 116
21 117
21 118
21 120
21 123
21 124
21 126
21 128
21 137
21 141
21 143
21 145
21 148
21 5
21 7
21 8
21 12
21 15
21 18
21 20
21 23
21 24
21 26
21 29
21 31
21 36
21 40
21 46
21 50
21 60
21 76
21 78
21 81
21 82
21 89
21 91
21 94
21 97
21 98
21 99
21 105
21 111
21 112
21 119
21 121
21 122
21 131
21 132
21 135
21 139
21 142
21 147
22 1
22 10
22 12
22 13
22 14
22 15
22 16
22 19
22 20
22 21
22 24
22 27
22 28
22 29
22 31
22 32
22 33
22 35
22 40
22 41
22 42
22 45
22 48
22 49
22 53
22 54
22 56
22 57
22 63
22 70
22 79
22 84
22 86
22 93
22 95
22 99
22 103
22 106
22 108
22 120
22 124
22 125
22 127
22 131
22 135
22 137
22 139
22 140
22 141
22 143
22 144
22 149
22 2
22 3
22 4
22 6
22 7
22 8
22 9
22 18
22 25
22 26
22 34
22 37
22 39
22 43
22 47
22 52
22 58
22 60
22 64
22 65
22 66
22 69
22 72
22 73
22 74
22 75
22 76
22 78
22 80
22 81
22 82
22 90
22 92
22 94
22 96
22 100
22 112
22 113
22 114
22 115
22 116
22 123
22 128
22 130
22 132
22 133
22 134
22 145
22 147
22 148
23 2
23 3
23 5
23 12
23 15
23 16
23 19
23 20
23 24
23 28
23 29
23 30
23 33
23 34
23 35
23 37
23 44
23 45
23 53
23 57
23 60
23 64
23 71
23 75
23 80
23 88
23 89
23 93
23 95
23 98
23 102
23 105
23 106
23 107
23 112
23 113
23 114
23 118
23 120
23 121
23 122
23 123
23 125
23 129
23 130
23 133
23 134
23 136
23 137
23 143
23 146
23 149
23 1
23 9
23 10
23 14
23 17
23 18
23 21
23 26
23 31
23 32
23 36
23 38
23 39
23 41
23 43
23 48
23 49
23 52
23 54
23 56
23 59
23 61
23 62
23 66
23 68
23 73
23 74
23 76
23 79
23 81
23 86
23 90
23 96
23 100
23 110
23 126
23 128
23 131
23 132
23 139
23 141
23 144
23 147
23 148
24 2
24 8
24 10
24 11
24 22
24 23
24 26
24 28
24 30
24 33
24 36
24 40
24 41
24 42
24 44
24 50
24 54
24 55
24 56
24 62
24 64
24 69
24 70
24 71
24 75
24 80
24 83
24 85
24 87
24 88
24 90
24 92
24 94
24 96
24 98
24 103
24 105
24 107
24 111
24 113
24 115
24 119
24 131
24 135
24 137
24 139
24 143
24 147
24 3
24 6
24 9
24 13
24 16
24 17
24 18
24 20
24 21
24 25
24 31
24 37
24 38
24 45
24 47
24 48
24 57
24 58
24 61
24 65
24 68
24 73
24 77
24 78
24 86
24 89
24 91
24 95
24 99
24 104
24 110
24 112
24 116
24 117
24 118
24 121
24 124
24 125
24 126
24 127
24 128
24 130
24 132
24 133
24 134
24 142
24 144
24 146
24 148
25 2
25 4
25 13
25 18
25 21
25 28
25 30
25 33
25 35
25 38
25 40
25 48
25 53
25 56
25 60
25 65
25 66
25 67
25 70
25 72
25 75
25 78
25 79
25 82
25 87
25 89
25 91
25 98
25 99
25 100
25 101
25 105
25 109
25 111
25 112
25 118
25 119
25 121
25 124
25 126
25 131
25 134
25 136
25 138
25 139
25 142
25 143
25 149
25 1
25 6
25 9
25 10
25 12
25 14
25 15
25 16
25 20
25 22
25 24
25 29
25 41
25 42
25 43
25 44
25 45
25 52
25 57
25 59
25 61
25 62
25 63
25 74
25 76
25 77
25 80
25 85
25 86
25 90
25 92
25 93
25 95
25 97
25 102
25 103
25 106
25 108
25 110
25 113
25 115
25 116
25 120
25 122
25 127
25 128
25 130
25 133
25 135
25 140
25 144
26 1
26 7
26 8
26 19
26 24
26 31
26 34
26 35
26 38
26 39
26 40
26 41
26 44
26 47
26 48
26 51
26 52
26 57
26 61
26 65
26 67
26 70
26 72
26 77
26 84
26 85
26 89
26 90
26 91
26 92
26 99
26 102
26 105
26 107
26 109
26 110
26 111
26 115
26 120
26 122
26 125
26 128
26 131
26 135
26 136
26 140
26 144
26 146
26 148
26 149
26 2
26 4
26 5
26 9
26 11
26 13
26 15
26 20
26 21
26 22
26 23
26 28
26 32
26 42
26 58
26 60
26 63
26 64
26 71
26 73
26 76
26 79
26 80
26 81
26 87
26 93
26 94
26 101
26 103
26 104
26 113
26 114
26 117
26 121
26 124
26 129
26 133
26 134
26 142
26 145
26 147
27 3
27 4
27 7
27 8
27 10
27 11
27 13
27 14
27 15
27 16
27 18
27 19
27 21
27 22
27 29
27 33
27 38
27 41
27 43
27 46
27 55
27 57
27 58
27 66
27 71
27 72
27 74
27 76
27 78
27 80
27 82
27 84
27 85
27 86
27 89
27 90
27 91
27 94
27 96
27 97
27 104
27 107
27 108
27 109
27 118
27 123
27 124
27 125
27 126
27 127
27 128
27 129
27 133
27 137
27 141
27 146
27 149
27 1
27 2
27 5
27 20
27 30
27 34
27 39
27 45
27 47
27 51
27 52
27 53
27 56
27 59
27 60
27 61
27 62
27 63
27 65
27 67
27 68
27 69
27 77
27 79
27 81
27 83
27 87
27 99
27 100
27 101
27 102
27 103
27 110
27 115
27 117
27 119
27 120
27 121
27 132
27 134
27 135
27 138
27 143
27 144
27 148
28 1
28 5
28 9
28 13
28 17
28 21
28 22
28 23
28 24
28 25
28 29
28 32
28 34
28 36
28 42
28 47
28 52
28 56
28 59
28 63
28 64
28 69
28 70
28 76
28 77
28 80
28 81
28 89
28 91
28 93
28 95
28 96
28 97
28 98
28 100
28 103
28 104
28 105
28 106
28 107
28 110
28 114
28 115
28 116
28 117
28 119
28 121
28 122
28 128
28 129
28 130
28 132
28 134
28 137
28 138
28 142
28 149
28 8
28 10
28 11
28 20
28 26
28 30
28 31
28 33
28 35
28 40
28 41
28 44
28 46
28 48
28 51
28 53
28 54
28 58
28 60
28 65
28 66
28 68
28 71
28 73
28 78
28 82
28 88
28 92
28 102
28 118
28 120
28 123
28 124
28 131
28 133
28 136
28 139
28 140
28 141
28 147
29 1
29 6
29 8
29 9
29 12
29 13
29 14
29 15
29 17
29 18
29 22
29 23
29 27
29 28
29 31
29 32
29 33
29 37
29 39
29 41
29 43
29 47
29 48
29 50
29 52
29 53
29 57
29 60
29 61
29 68
29 69
29 73
29 77
29 78
29 80
29 81
29 85
29 87
29 89
29 90
29 91
29 93
29 95
29 97
29 100
29 103
29 106
29 110
29 116
29 120
29 126
29 133
29 135
29 137
29 138
29 144
29 148
29 3
29 4
29 10
29 16
29 21
29 25
29 34
29 35
29 42
29 44
29 45
29 54
29 55
29 58
29 62
29 65
29 70
29 74
29 75
29 83
29 86
29 88
29 92
29 96
29 101
29 107
29 109
29 113
29 114
29 115
29 118
29 121
29 122
29 123
29 124
29 125
29 127
29 129
29 130
29 131
29 139
29 141
29 143
29 145
30 4
30 6
30 7
30 9
30 21
30 23
30 24
30 25
30 34
30 35
30 37
30 39
30 40
30 41
30 42
30 48
30 49
30 52
30 55
30 57
30 58
30 60
30 62
30 66
30 67
30 68
30 75
30 77
30 80
30 81
30 83
30 85
30 86
30 89
30 90
30 93
30 100
30 101
30 103
30 111
30 114
30 116
30 121
30 123
30 127
30 133
30 139
30 147
30 149
30 1
30 3
30 11
30 13
30 14
30 19
30 20
30 27
30 28
30 31
30 43
30 44
30 45
30 46
30 47
30 54
30 59
30 61
30 63
30 64
30 65
30 76
30 78
30 79
30 82
30 87
30 88
30 92
30 94
30 95
30 97
30 99
30 104
30 105
30 108
30 110
30 112
30 115
30 117
30 118
30 122
30 124
30 129
30 130
30 132
30 135
30 137
30 142
30 146
31 2
31 3
31 4
31 6
31 9
31 10
31 19
31 22
31 26
31 29
31 33
31 37
31 38
31 43
31 44
31 47
31 48
31 52
31 54
31 55
31 57
31 58
31 59
31 60
31 61
31 62
31 63
31 64
31 66
31 69
31 74
31 76
31 81
31 82
31 84
31 85
31 89
31 90
31 97
31 99
31 102
31 104
31 106
31 112
31 113
31 118
31 119
31 122
31 123
31 125
31 126
31 130
31 137
31 138
31 142
31 144
31 145
31 5
31 13
31 14
31 16
31 17
31 18
31 21
31 23
31 24
31 28
31 30
31 35
31 39
31 49
31 65
31 67
31 70
31 71
31 78
31 80
31 83
31 86
31 87
31 88
31 94
31 100
31 101
31 108
31 110
31 111
31 120
31 121
31 124
31 128
31 131
31 136
31 140
31 141
32 2
32 3
32 4
32 5
32 6
32 7
32 8
32 10
32 15
32 17
32 21
32 22
32 28
32 29
32 34
32 35
32 39
32 40
32 41
32 45
32 48
32 66
32 67
32 69
32 70
32 78
32 83
32 84
32 85
32 88
32 92
32 96
32 102
32 103
32 104
32 105
32 106
32 107
32 110
32 116
32 117
32 119
32 123
32 124
32 128
32 134
32 135
32 141
32 143
32 145
32 148
32 149
32 1
32 11
32 13
32 16
32 19
32 20
32 23
32 26
32 33
32 36
32 38
32 42
32 46
32 51
32 57
32 59
32 63
32 64
32 65
32 68
32 71
32 72
32 73
32 74
32 75
32 77
32 79
32 80
32 81
32 89
32 91
32 93
32 95
32 99
32 111
32 112
32 113
32 114
32 115
32 122
32 127
32 129
32 131
32 132
32 133
32 144
32 146
32 147
33 2
33 4
33 6
33 8
33 11
33 12
33 13
33 16
33 22
33 23
33 24
33 25
33 27
33 29
33 31
33 36
33 39
33 42
33 43
33 44
33 46
33 51
33 53
33 54
33 59
33 60
33 62
33 64
33 74
33 76
33 78
33 79
33 80
33 81
33 84
33 87
33 89
33 93
33 98
33 101
33 104
33 108
33 110
33 111
33 112
33 113
33 114
33 120
33 122
33 124
33 126
33 129
33 130
33 132
33 133
33 134
33 136
33 138
33 142
33 143
33 144
33 1
33 3
33 5
33 7
33 9
33 14
33 17
33 20
33 28
33 32
33 35
33 40
33 41
33 45
33 47
33 48
33 50
33 52
33 57
33 58
33 61
33 63
33 65
33 68
33 70
33 71
33 75
33 77
33 82
33 83
33 85
33 88
33 90
33 95
33 99
33 105
33 109
33 119
33 135
33 137
33 140
33 141
33 148
34 2
34 7
34 9
34 11
34 13
34 14
34 19
34 23
34 26
34 28
34 30
34 32
34 35
34 37
34 40
34 41
34 45
34 51
34 53
34 54
34 55
34 60
34 62
34 63
34 68
34 71
34 74
34 81
34 82
34 86
34 89
34 90
34 91
34 94
34 95
34 98
34 101
34 103
34 104
34 106
34 109
34 111
34 116
34 119
34 120
34 121
34 126
34 127
34 128
34 132
34 133
34 134
34 138
34 141
34 142
34 148
34 149
34 4
34 5
34 6
34 8
34 15
34 16
34 17
34 20
34 22
34 27
34 29
34 36
34 39
34 42
34 43
34 44
34 50
34 56
34 57
34 64
34 66
34 67
34 76
34 77
34 80
34 84
34 87
34 92
34 96
34 97
34 105
34 108
34 110
34 114
34 118
34 123
34 129
34 131
34 135
34 136
34 137
34 140
34 143
34 144
34 145
34 146
34 147
35 1
35 5
35 10
35 11
35 17
35 18
35 20
35 22
35 23
35 25
35 26
35 30
35 32
35 34
35 37
35 43
35 44
35 49
35 51
35 53
35 56
35 57
35 61
35 63
35 67
35 68
35 76
35 78
35 80
35 83
35 85
35 89
35 93
35 94
35 96
35 97
35 100
35 101
35 104
35 107
35 110
35 116
35 120
35 125
35 127
35 128
35 129
35 130
35 133
35 134
35 141
35 146
35 149
35 2
35 3
35 6
35 7
35 8
35 12
35 13
35 19
35 28
35 29
35 31
35 33
35 36
35 38
35 39
35 40
35 48
35 50
35 52
35 54
35 58
35 70
35 71
35 72
35 73
35 74
35 81
35 86
35 88
35 90
35 91
35 92
35 103
35 105
35 106
35 109
35 114
35 115
35 119
35 121
35 122
35 124
35 126
35 131
35 132
35 135
35 137
35 139
35 142
35 144
35 145
36 4
36 15
36 17
36 24
36 28
36 33
36 40
36 42
36 49
36 51
36 54
36 56
36 60
36 64
36 72
36 75
36 77
36 80
36 82
36 85
36 86
36 88
36 89
36 92
36 93
36 95
36 100
36 105
36 106
36 109
36 113
36 114
36 121
36 122
36 124
36 125
36 130
36 134
36 135
36 139
36 141
36 144
36 147
36 149
36 5
36 7
36 10
36 11
36 14
36 16
36 18
36 19
36 21
36 23
36 32
36 34
36 35
36 37
36 39
36 44
36 45
36 47
36 50
36 52
36 57
36 61
36 67
36 71
36 81
36 97
36 99
36 102
36 103
36 110
36 112
36 115
36 118
36 119
36 120
36 126
36 132
36 133
36 140
36 142
36 143
37 5
37 6
37 7
37 9
37 10
37 11
37 13
37 14
37 16
37 18
37 19
37 20
37 21
37 23
37 29
37 30
37 31
37 34
37 35
37 38
37 40
37 43
37 46
37 50
37 53
37 54
37 58
37 60
37 64
37 67
37 68
37 72
37 76
37 80
37 84
37 85
37 86
37 90
37 91
37 92
37 93
37 103
37 113
37 119
37 120
37 121
37 122
37 123
37 129
37 131
37 134
37 135
37 139
37 140
37 141
37 142
37 143
37 144
37 147
37 149
37 1
37 3
37 15
37 22
37 24
37 36
37 41
37 42
37 45
37 49
37 52
37 57
37 61
37 62
37 70
37 73
37 75
37 79
37 83
37 88
37 94
37 96
37 100
37 101
37 102
37 105
37 108
37 109
37 110
37 111
37 112
37 114
37 116
37 117
37 118
37 126
37 128
37 130
37 132
37 136
37 148
38 1
38 3
38 11
38 12
38 15
38 16
38 17
38 25
38 26
38 27
38 31
38 37
38 43
38 47
38 53
38 65
38 68
38 70
38 72
38 75
38 76
38 78
38 79
38 84
38 86
38 88
38 96
38 98
38 101
38 104
38 106
38 108
38 109
38 115
38 116
38 118
38 120
38 123
38 126
38 128
38 131
38 134
38 136
38 140
38 145
38 2
38 4
38 5
38 6
38 9
38 10
38 13
38 14
38 18
38 23
38 24
38 32
38 35
38 39
38 40
38 41
38 42
38 49
38 54
38 56
38 58
38 59
38 60
38 71
38 73
38 74
38 77
38 82
38 83
38 87
38 89
38 90
38 92
38 94
38 99
38 100
38 103
38 105
38 107
38 110
38 112
38 113
38 117
38 119
38 124
38 125
38 127
38 130
38 132
38 137
38 141
38 147
39 2
39 5
39 9
39 11
39 17
39 19
39 21
39 26
39 29
39 30
39 32
39 33
39 40
39 44
39 47
39 49
39 50
39 51
39 56
39 59
39 60
39 62
39 66
39 67
39 69
39 75
39 76
39 79
39 80
39 84
39 87
39 88
39 92
39 93
39 95
39 96
39 98
39 100
39 102
39 112
39 115
39 117
39 120
39 125
39 126
39 129
39 130
39 132
39 135
39 136
39 137
39 142
39 146
39 147
39 1
39 4
39 7
39 13
39 15
39 22
39 23
39 27
39 31
39 34
39 35
39 36
39 38
39 42
39 52
39 68
39 70
39 73
39 74
39 81
39 83
39 86
39 89
39 90
39 91
39 97
39 103
39 104
39 111
39 113
39 114
39 123
39 124
39 127
39 131
39 134
39 139
39 143
39 144
40 4
40 5
40 6
40 11
40 14
40 22
40 24
40 25
40 26
40 30
40 32
40 34
40 36
40 37
40 39
40 41
40 42
40 45
40 46
40 48
40 51
40 54
40 55
40 58
40 59
40 61
40 65
40 69
40 71
40 72
40 77
40 78
40 81
40 94
40 96
40 97
40 98
40 101
40 103
40 105
40 107
40 108
40 111
40 115
40 116
40 117
40 119
40 121
40 130
40 131
40 137
40 141
40 145
40 146
40 2
40 3
40 9
40 13
40 18
40 21
40 28
40 33
40 35
40 38
40 44
40 47
40 49
40 53
40 57
40 62
40 68
40 70
40 74
40 75
40 76
40 79
40 82
40 83
40 84
40 85
40 86
40 88
40 90
40 91
40 92
40 100
40 102
40 104
40 106
40 110
40 122
40 123
40 124
40 125
40 126
40 133
40 138
40 140
40 142
40 143
40 144
41 1
41 4
41 6
41 7
41 8
41 14
41 15
41 22
41 24
41 26
41 27
41 29
41 30
41 32
41 34
41 40
41 45
41 52
41 55
41 58
41 62
41 63
41 72
41 81
41 91
41 92
41 93
41 97
41 99
41 106
41 110
41 113
41 116
41 119
41 121
41 125
41 126
41 131
41 132
41 133
41 134
41 135
41 136
41 137
41 144
41 149
41 10
41 13
41 16
41 18
41 23
41 25
41 28
41 33
41 37
41 38
41 48
41 50
41 51
41 54
41 59
41 60
41 64
41 66
41 67
41 69
41 71
41 76
41 77
41 80
41 82
41 84
41 87
41 89
41 90
41 94
41 96
41 101
41 102
41 104
41 107
41 109
41 114
41 118
41 124
41 128
41 138
42 1
42 2
42 4
42 5
42 7
42 11
42 12
42 14
42 17
42 21
42 22
42 24
42 28
42 30
42 33
42 36
42 40
42 43
42 45
42 46
42 47
42 49
42 52
42 55
42 56
42 58
42 60
42 64
42 65
42 67
42 68
42 73
42 75
42 78
42 79
42 81
42 87
42 88
42 89
42 90
42 92
42 95
42 96
42 98
42 100
42 102
42 105
42 106
42 110
42 117
42 118
42 120
42 122
42 127
42 128
42 130
42 134
42 136
42 143
42 147
42 3
42 6
42 8
42 9
42 13
42 16
42 18
42 20
42 25
42 26
42 29
42 32
42 34
42 37
42 38
42 39
42 48
42 50
42 53
42 54
42 61
42 63
42 66
42 69
42 70
42 71
42 77
42 83
42 84
42 91
42 93
42 94
42 103
42 104
42 107
42 111
42 114
42 119
42 123
42 124
42 132
42 135
42 137
42 141
42 145
43 1
43 6
43 11
43 18
43 20
43 21
43 27
43 29
43 31
43 33
43 35
43 37
43 38
43 42
43 44
43 46
43 50
43 55
43 60
43 63
43 64
43 72
43 76
43 77
43 81
43 82
43 84
43 92
43 95
43 96
43 97
43 98
43 99
43 101
43 110
43 111
43 114
43 115
43 118
43 120
43 122
43 130
43 131
43 132
43 133
43 134
43 136
43 137
43 139
43 143
43 145
43 146
43 148
43 3
43 5
43 9
43 14
43 15
43 17
43 19
43 22
43 23
43 25
43 30
43 34
43 45
43 51
43 53
43 57
43 58
43 59
43 62
43 65
43 66
43 67
43 68
43 69
43 71
43 73
43 74
43 75
43 83
43 85
43 87
43 89
43 93
43 105
43 106
43 107
43 108
43 109
43 116
43 121
43 123
43 125
43 126
43 127
43 138
43 140
43 141
43 144
44 3
44 11
44 12
44 15
44 16
44 21
44 23
44 24
44 26
44 31
44 33
44 35
44 39
44 43
44 47
44 48
44 49
44 56
44 58
44 60
44 64
44 74
44 78
44 85
44 86
44 94
44 96
44 98
44 102
44 103
44 105
44 107
44 109
44 112
44 115
44 116
44 119
44 120
44 121
44 122
44 123
44 127
44 128
44 129
44 131
44 132
44 138
44 144
44 1
44 2
44 5
44 7
44 8
44 9
44 10
44 13
44 17
44 20
44 25
44 28
44 29
44 30
44 34
44 36
44 40
44 45
44 46
44 50
44 52
44 53
44 55
44 57
44 62
44 63
44 66
44 68
44 70
44 73
44 75
44 76
44 80
44 82
44 87
44 88
44 90
44 93
44 95
44 100
44 104
44 110
44 114
44 124
44 140
44 142
44 145
44 146
45 4
45 11
45 15
45 18
45 22
45 23
45 32
45 34
45 40
45 41
45 42
45 47
45 49
45 51
45 54
45 56
45 61
45 63
45 65
45 67
45 69
45 75
45 76
45 78
45 79
45 81
45 84
45 85
45 87
45 88
45 89
45 91
45 101
45 105
45 106
45 107
45 110
45 111
45 114
45 116
45 117
45 120
45 122
45 123
45 128
45 131
45 133
45 136
45 137
45 138
45 141
45 143
45 146
45 149
45 1
45 6
45 7
45 8
45 10
45 16
45 19
45 24
45 25
45 27
45 29
45 30
45 33
45 36
45 37
45 43
45 44
45 50
45 52
45 55
45 58
45 59
45 60
45 66
45 72
45 73
45 80
45 82
45 83
45 92
45 93
45 96
45 100
45 103
45 108
45 112
45 113
45 121
45 124
45 126
45 130
45 134
45 139
45 145
45 147
46 3
46 4
46 6
46 7
46 9
46 12
46 15
46 18
46 27
46 33
46 37
46 40
46 42
46 43
46 47
46 52
46 53
46 55
46 64
46 69
46 70
46 71
46 72
46 78
46 84
46 90
46 93
46 94
46 96
46 104
46 105
46 106
46 107
46 110
46 112
46 114
46 116
46 122
46 123
46 126
46 129
46 131
46 134
46 140
46 144
46 149
46 10
46 13
46 20
46 21
46 28
46 30
46 32
46 44
46 49
46 50
46 51
46 54
46 57
46 58
46 59
46 60
46 61
46 63
46 65
46 66
46 67
46 75
46 77
46 79
46 81
46 85
46 97
46 98
46 99
46 100
46 101
46 108
46 113
46 115
46 117
46 118
46 119
46 130
46 132
46 133
46 136
46 141
46 142
46 146
46 148
47 2
47 7
47 8
47 10
47 11
47 12
47 19
47 20
47 21
47 26
47 28
47 29
47 31
47 38
47 39
47 42
47 44
47 45
47 46
47 49
47 51
47 53
47 54
47 56
47 69
47 78
47 79
47 84
47 87
47 89
47 91
47 98
47 100
47 102
47 108
47 110
47 111
47 112
47 113
47 115
47 116
47 117
47 120
47 123
47 128
47 129
47 131
47 134
47 138
47 144
47 145
47 146
47 149
47 1
47 3
47 4
47 5
47 13
47 14
47 15
47 16
47 17
47 22
47 24
47 27
47 30
47 33
47 36
47 40
47 48
47 50
47 52
47 57
47 58
47 61
47 63
47 65
47 68
47 70
47 71
47 75
47 77
47 82
47 83
47 85
47 88
47 90
47 95
47 99
47 105
47 109
47 119
47 135
47 137
47 140
47 141
47 148
48 1
48 7
48 9
48 12
48 17
48 18
48 21
48 22
48 25
48 26
48 29
48 30
48 31
48 32
48 40
48 44
48 49
48 52
48 54
48 55
48 59
48 60
48 61
48 63
48 66
48 67
48 69
48 72
48 77
48 82
48 83
48 84
48 87
48 89
48 92
48 102
48 103
48 105
48 108
48 112
48 113
48 117
48 120
48 121
48 123
48 125
48 127
48 129
48 131
48 134
48 135
48 136
48 138
48 141
48 142
48 149
48 2
48 11
48 13
48 19
48 20
48 23
48 24
48 28
48 33
48 35
48 41
48 42
48 47
48 50
48 53
48 56
48 57
48 58
48 64
48 70
48 71
48 78
48 80
48 81
48 90
48 91
48 94
48 98
48 101
48 106
48 110
48 111
48 119
48 122
48 124
48 128
48 132
48 137
48 143
48 145
49 1
49 2
49 4
49 6
49 9
49 15
49 18
49 19
49 22
49 30
49 35
49 36
49 39
49 42
49 44
49 45
49 47
49 48
49 53
49 56
49 65
49 72
49 73
49 75
49 79
49 81
49 83
49 84
49 85
49 87
49 88
49 89
49 92
49 94
49 95
49 96
49 103
49 104
49 106
49 107
49 111
49 112
49 115
49 117
49 123
49 124
49 127
49 128
49 129
49 132
49 138
49 140
49 141
49 146
49 149
49 3
49 5
49 7
49 11
49 16
49 23
49 31
49 37
49 38
49 40
49 46
49 50
49 51
49 52
49 55
49 58
49 59
49 60
49 61
49 62
49 64
49 66
49 67
49 68
49 76
49 78
49 80
49 82
49 86
49 98
49 99
49 100
49 101
49 102
49 109
49 114
49 116
49 118
49 119
49 120
49 131
49 133
49 134
49 137
49 142
49 143
49 147
50 3
50 14
50 16
50 17
50 24
50 29
50 37
50 39
50 43
50 57
50 60
50 63
50 66
50 68
50 70
50 73
50 76
50 80
50 82
50 84
50 85
50 91
50 97
50 98
50 102
50 104
50 105
50 111
50 115
50 117
50 118
50 122
50 124
50 127
50 132
50 133
50 134
50 136
50 137
50 138
50 143
50 147
50 148
50 149
50 1
50 4
50 6
50 11
50 21
50 33
50 34
50 35
50 36
50 41
50 42
50 44
50 45
50 46
50 47
50 48
50 49
50 51
50 52
50 54
50 56
50 61
50 62
50 65
50 67
50 69
50 72
50 74
50 75
50 79
50 81
50 86
50 87
50 89
50 92
50 94
50 99
50 103
50 109
50 113
50 123
50 139
50 141
50 144
50 145
51 1
51 2
51 3
51 4
51 10
51 14
51 15
51 16
51 18
51 21
51 26
51 33
51 34
51 35
51 36
51 39
51 40
51 45
51 47
51 56
51 58
51 59
51 66
51 67
51 70
51 72
51 74
51 75
51 79
51 81
51 82
51 83
51 89
51 90
51 91
51 92
51 95
51 96
51 99
51 100
51 104
51 106
51 112
51 114
51 116
51 122
51 123
51 128
51 130
51 133
51 137
51 138
51 140
51 141
51 142
51 143
51 146
51 147
51 5
51 7
51 11
51 12
51 17
51 19
51 27
51 28
51 32
51 41
51 43
51 46
51 49
51 50
51 55
51 57
51 60
51 63
51 64
51 65
51 71
51 77
51 78
51 85
51 87
51 88
51 97
51 98
51 101
51 105
51 108
51 113
51 117
51 118
51 126
51 129
51 131
51 135
51 139
51 144
52 2
52 8
52 9
52 12
52 14
52 26
52 28
52 29
52 30
52 31
52 41
52 42
52 46
52 48
52 59
52 66
52 79
52 87
52 93
52 94
52 97
52 99
52 103
52 105
52 113
52 114
52 115
52 117
52 118
52 120
52 121
52 125
52 132
52 135
52 136
52 140
52 145
52 146
52 148
52 1
52 4
52 7
52 10
52 11
52 15
52 16
52 19
52 20
52 22
52 23
52 25
52 27
52 33
52 35
52 36
52 37
52 39
52 44
52 45
52 47
52 49
52 50
52 54
52 56
52 60
52 61
52 62
52 65
52 68
52 69
52 70
52 71
52 72
52 74
52 76
52 77
52 78
52 86
52 88
52 90
52 92
52 96
52 108
52 109
52 110
52 111
52 112
52 119
52 124
52 126
52 128
52 129
52 130
52 141
52 143
52 144
52 147
53 3
53 4
53 5
53 7
53 9
53 10
53 11
53 13
53 15
53 16
53 20
53 22
53 23
53 25
53 29
53 33
53 34
53 35
53 37
53 38
53 46
53 47
53 49
53 54
53 59
53 60
53 61
53 66
53 70
53 71
53 72
53 73
53 76
53 77
53 79
53 83
53 86
53 89
53 93
53 96
53 98
53 104
53 106
53 108
53 109
53 110
53 111
53 117
53 118
53 119
53 120
53 121
53 123
53 131
53 132
53 133
53 134
53 137
53 139
53 141
53 142
53 146
53 149
53 2
53 12
53 14
53 18
53 19
53 27
53 28
53 40
53 42
53 43
53 44
53 48
53 57
53 58
53 62
53 64
53 65
53 67
53 69
53 74
53 75
53 78
53 80
53 82
53 85
53 87
53 88
53 92
53 94
53 99
53 100
53 102
53 105
53 107
53 112
53 116
53 122
53 126
53 136
54 1
54 4
54 9
54 11
54 13
54 20
54 21
54 22
54 24
54 31
54 33
54 34
54 36
54 37
54 40
54 45
54 47
54 48
54 53
54 55
54 56
54 59
54 65
54 68
54 70
54 74
54 82
54 84
54 86
54 90
54 95
54 96
54 97
54 102
54 105
54 107
54 110
54 112
54 116
54 118
54 122
54 127
54 128
54 130
54 131
54 135
54 136
54 137
54 138
54 139
54 146
54 148
54 149
54 3
54 5
54 6
54 7
54 8
54 16
54 17
54 23
54 28
54 29
54 30
54 35
54 38
54 41
54 42
54 46
54 50
54 52
54 58
54 60
54 63
54 64
54 71
54 73
54 76
54 79
54 80
54 81
54 87
54 93
54 94
54 101
54 103
54 104
54 113
54 114
54 117
54 121
54 124
54 129
54 133
54 134
54 142
54 145
54 147
55 1
55 2
55 5
55 7
55 10
55 12
55 13
55 14
55 17
55 19
55 20
55 21
55 24
55 27
55 30
55 31
55 34
55 40
55 41
55 42
55 43
55 46
55 48
55 54
55 60
55 64
55 68
55 69
55 70
55 71
55 74
55 76
55 77
55 82
55 85
55 92
55 98
55 100
55 102
55 103
55 106
55 108
55 110
55 112
55 113
55 116
55 120
55 121
55 124
55 125
55 126
55 132
55 135
55 136
55 142
55 144
55 146
55 149
55 3
55 6
55 8
55 9
55 16
55 18
55 29
55 44
55 45
55 49
55 51
55 58
55 62
55 67
55 73
55 75
55 79
55 80
55 81
55 84
55 87
55 88
55 89
55 90
55 91
55 93
55 95
55 96
55 97
55 105
55 107
55 109
55 111
55 115
55 127
55 128
55 129
55 130
55 131
55 138
55 143
55 145
55 147
55 148
56 2
56 6
56 8
56 14
56 15
56 17
56 19
56 20
56 22
56 24
56 25
56 28
56 35
56 36
56 39
56 42
56 44
56 45
56 47
56 49
56 51
56 54
56 59
56 60
56 63
56 66
56 67
56 69
56 75
56 77
56 81
56 83
56 85
56 88
56 92
56 95
56 98
56 101
56 106
56 111
56 117
56 119
56 125
56 126
56 136
56 137
56 139
56 140
56 143
56 145
56 146
56 147
56 4
56 5
56 7
56 12
56 13
56 18
56 23
56 27
56 34
56 38
56 48
56 50
56 52
56 57
56 68
56 70
56 71
56 74
56 79
56 80
56 84
56 86
56 87
56 89
56 91
56 96
56 97
56 100
56 102
56 104
56 107
56 109
56 110
56 114
56 116
56 121
56 122
56 124
56 127
56 129
56 134
56 138
56 144
56 148
57 4
57 6
57 10
57 11
57 16
57 20
57 22
57 23
57 26
57 27
57 29
57 30
57 31
57 35
57 50
57 58
57 60
57 62
57 63
57 64
57 68
57 70
57 73
57 74
57 75
57 76
57 77
57 78
57 79
57 80
57 81
57 82
57 84
57 86
57 87
57 93
57 94
57 97
57 108
57 111
57 113
57 115
57 121
57 122
57 123
57 124
57 125
57 132
57 135
57 140
57 145
57 148
57 1
57 3
57 5
57 9
57 12
57 14
57 24
57 25
57 32
57 33
57 34
57 36
57 37
57 40
57 43
57 44
57 46
57 47
57 48
57 51
57 53
57 56
57 67
57 83
57 85
57 88
57 89
57 96
57 98
57 101
57 104
57 105
57 106
57 112
57 118
57 119
57 126
57 128
57 129
57 138
57 139
57 142
57 146
58 1
58 6
58 11
58 12
58 16
58 17
58 18
58 20
58 27
58 30
58 31
58 37
58 40
58 41
58 42
58 44
58 51
58 57
58 65
58 73
58 74
58 75
58 76
58 78
58 79
58 81
58 83
58 89
58 94
58 96
58 100
58 102
58 106
58 110
58 111
58 114
58 126
58 128
58 129
58 131
58 132
58 136
58 138
58 141
58 142
58 148
58 149
58 8
58 9
58 10
58 13
58 15
58 22
58 24
58 26
58 28
58 29
58 33
58 35
58 38
58 43
58 45
58 46
58 47
58 48
58 49
58 53
58 54
58 55
58 59
58 64
58 68
58 69
58 77
58 80
58 82
58 86
58 90
58 95
58 101
58 103
58 107
58 108
58 109
58 112
58 115
58 116
58 117
58 118
58 119
58 121
58 123
58 124
58 125
58 133
58 135
58 137
58 139
58 143
59 3
59 5
59 8
59 12
59 13
59 14
59 20
59 28
59 31
59 33
59 39
59 40
59 48
59 51
59 52
59 53
59 54
59 56
59 60
59 63
59 65
59 73
59 74
59 75
59 79
59 81
59 83
59 85
59 89
59 90
59 91
59 92
59 98
59 103
59 104
59 108
59 109
59 114
59 121
59 123
59 124
59 125
59 126
59 129
59 132
59 137
59 139
59 144
59 148
59 2
59 10
59 11
59 16
59 17
59 18
59 19
59 23
59 25
59 27
59 30
59 32
59 38
59 41
59 43
59 45
59 46
59 49
59 58
59 66
59 67
59 68
59 69
59 70
59 77
59 82
59 84
59 86
59 87
59 88
59 99
59 101
59 102
59 105
59 110
59 111
59 115
59 117
59 118
59 120
59 122
59 127
59 128
59 131
59 133
59 135
59 138
59 140
59 141
59 145
59 147
60 5
60 6
60 8
60 9
60 10
60 11
60 12
60 18
60 23
60 25
60 29
60 30
60 31
60 33
60 34
60 36
60 37
60 39
60 42
60 43
60 44
60 48
60 50
60 53
60 55
60 56
60 57
60 59
60 66
60 68
60 73
60 76
60 78
60 79
60 80
60 89
60 90
60 92
60 97
60 99
60 100
60 102
60 104
60 105
60 106
60 107
60 109
60 110
60 111
60 112
60 113
60 114
60 120
60 121
60 125
60 126
60 127
60 129
60 131
60 136
60 137
60 145
60 147
60 148
60 149
60 3
60 4
60 13
60 15
60 21
60 22
60 26
60 27
60 28
60 38
60 41
60 45
60 46
60 49
60 51
60 52
60 54
60 64
60 65
60 67
60 70
60 72
60 77
60 81
60 87
60 91
60 101
60 117
60 119
60 122
60 123
60 130
60 132
60 135
60 138
60 139
60 140
60 146
61 3
61 6
61 11
61 18
61 21
61 26
61 29
61 31
61 35
61 40
61 45
61 48
61 53
61 63
61 64
61 67
61 68
61 72
61 74
61 78
61 79
61 80
61 82
61 87
61 91
61 94
61 95
61 97
61 98
61 100
61 102
61 103
61 110
61 111
61 113
61 115
61 116
61 122
61 124
61 126
61 129
61 134
61 136
61 137
61 143
61 147
61 149
61 1
61 2
61 5
61 7
61 9
61 16
61 23
61 24
61 25
61 27
61 30
61 33
61 36
61 37
61 42
61 46
61 47
61 49
61 50
61 52
61 65
61 66
61 73
61 75
61 76
61 85
61 86
61 89
61 93
61 96
61 101
61 105
61 106
61 114
61 117
61 119
61 123
61 127
61 132
61 138
61 140
61 144
61 145
61 146
62 1
62 5
62 10
62 11
62 12
62 17
62 21
62 24
62 30
62 31
62 33
62 34
62 39
62 41
62 57
62 64
62 65
62 77
62 80
62 82
62 83
62 85
62 87
62 89
62 91
62 92
62 93
62 96
62 98
62 99
62 101
62 102
62 112
62 114
62 118
62 123
62 125
62 129
62 130
62 132
62 136
62 138
62 140
62 143
62 146
62 147
62 148
62 149
62 3
62 7
62 8
62 13
62 23
62 25
62 27
62 29
62 37
62 40
62 43
62 44
62 49
62 50
62 52
62 53
62 55
62 63
62 66
62 67
62 68
62 69
62 70
62 72
62 74
62 75
62 76
62 84
62 86
62 88
62 90
62 94
62 106
62 107
62 108
62 109
62 110
62 117
62 122
62 124
62 126
62 127
62 128
62 139
62 141
62 142
62 145
63 1
63 2
63 3
63 7
63 8
63 9
63 12
63 13
63 14
63 16
63 18
63 22
63 28
63 31
63 34
63 35
63 41
63 43
63 45
63 48
63 50
63 56
63 57
63 59
63 61
63 67
63 68
63 69
63 71
63 78
63 85
63 89
63 91
63 97
63 99
63 101
63 103
63 106
63 109
63 111
63 112
63 116
63 117
63 119
63 121
63 122
63 123
63 127
63 128
63 132
63 133
63 135
63 136
63 137
63 139
63 141
63 145
63 147
63 148
63 149
63 5
63 6
63 17
63 25
63 26
63 27
63 30
63 32
63 33
63 42
63 44
63 46
63 47
63 51
63 54
63 62
63 65
63 66
63 70
63 72
63 73
63 75
63 77
63 82
63 83
63 86
63 88
63 90
63 93
63 95
63 96
63 100
63 102
63 107
63 108
63 110
63 113
63 115
63 120
63 124
63 130
63 134
63 144
64 2
64 3
64 4
64 5
64 6
64 7
64 9
64 10
64 13
64 14
64 19
64 21
64 23
64 24
64 28
64 31
64 33
64 36
64 37
64 42
64 43
64 44
64 46
64 55
64 57
64 61
64 62
64 69
64 71
64 72
64 73
64 74
64 77
64 80
64 83
64 84
64 86
64 87
64 88
64 90
64 93
64 95
64 100
64 104
64 107
64 110
64 113
64 115
64 117
64 118
64 120
64 125
64 126
64 144
64 145
64 146
64 148
64 149
64 11
64 12
64 15
64 17
64 18
64 20
64 22
64 26
64 30
64 32
64 34
64 41
64 48
64 49
64 51
64 53
64 54
64 58
64 60
64 76
64 78
64 81
64 82
64 89
64 91
64 94
64 97
64 98
64 99
64 105
64 111
64 112
64 119
64 121
64 122
64 131
64 132
64 135
64 139
64 142
64 147
65 1
65 5
65 6
65 10
65 14
65 16
65 17
65 21
65 25
65 26
65 38
65 40
65 42
65 45
65 49
65 54
65 58
65 59
65 62
65 66
65 67
65 70
65 71
65 74
65 78
65 79
65 81
65 84
65 85
65 87
65 88
65 89
65 91
65 92
65 97
65 100
65 102
65 104
65 106
65 113
65 114
65 130
65 132
65 146
65 147
65 2
65 4
65 7
65 8
65 15
65 18
65 19
65 20
65 22
65 24
65 27
65 28
65 29
65 30
65 31
65 32
65 33
65 43
65 46
65 47
65 50
65 51
65 52
65 53
65 60
65 61
65 63
65 68
65 69
65 77
65 80
65 82
65 86
65 90
65 95
65 101
65 103
65 107
65 108
65 109
65 112
65 115
65 116
65 117
65 118
65 119
65 121
65 123
65 124
65 125
65 133
65 135
65 137
65 139
65 143
66 3
66 7
66 8
66 18
66 21
66 25
66 27
66 30
66 31
66 32
66 39
66 48
66 50
66 51
66 52
66 53
66 56
66 60
66 65
66 68
66 72
66 78
66 79
66 80
66 81
66 82
66 83
66 86
66 87
66 88
66 92
66 96
66 99
66 100
66 101
66 103
66 104
66 105
66 111
66 115
66 116
66 119
66 121
66 128
66 130
66 131
66 133
66 136
66 141
66 143
66 146
66 149
66 2
66 6
66 9
66 10
66 11
66 12
66 13
66 15
66 16
66 19
66 20
66 22
66 23
66 28
66 34
66 41
66 42
66 43
66 44
66 45
66 46
66 49
66 59
66 61
66 62
66 63
66 73
66 74
66 75
66 76
66 77
66 84
66 89
66 91
66 93
66 94
66 95
66 106
66 108
66 109
66 112
66 117
66 118
66 122
66 124
66 125
66 127
66 129
66 134
66 135
66 138
66 140
66 142
66 145
66 147
66 148
67 5
67 6
67 8
67 11
67 13
67 15
67 18
67 19
67 25
67 26
67 30
67 32
67 35
67 37
67 39
67 42
67 45
67 48
67 51
67 56
67 61
67 63
67 65
67 76
67 80
67 82
67 83
67 85
67 89
67 90
67 93
67 94
67 97
67 98
67 100
67 102
67 103
67 104
67 106
67 117
67 119
67 120
67 123
67 124
67 125
67 130
67 132
67 134
67 135
67 138
67 140
67 143
67 145
67 147
67 148
67 149
67 1
67 2
67 3
67 7
67 9
67 14
67 16
67 20
67 27
67 31
67 34
67 36
67 41
67 43
67 46
67 49
67 50
67 53
67 55
67 57
67 59
67 60
67 62
67 71
67 73
67 78
67 79
67 81
67 84
67 86
67 91
67 95
67 101
67 105
67 115
67 131
67 133
67 136
67 137
67 144
67 146
68 2
68 3
68 4
68 7
68 15
68 17
68 18
68 29
68 30
68 34
68 35
68 37
68 38
68 42
68 50
68 54
68 55
68 57
68 60
68 61
68 63
68 66
68 70
68 71
68 76
68 82
68 85
68 88
68 89
68 90
68 99
68 100
68 101
68 102
68 104
68 105
68 108
68 109
68 111
68 112
68 113
68 116
68 123
68 124
68 125
68 128
68 130
68 132
68 136
68 137
68 139
68 141
68 143
68 145
68 146
68 147
68 149
68 5
68 6
68 10
68 11
68 20
68 23
68 24
68 27
68 28
68 32
68 33
68 39
68 40
68 43
68 44
68 47
68 49
68 52
68 56
68 58
68 59
68 62
68 65
68 69
68 72
68 73
68 74
68 80
68 86
68 87
68 94
68 96
68 97
68 106
68 107
68 110
68 114
68 117
68 122
68 126
68 127
68 135
68 138
68 140
68 144
68 148
69 1
69 2
69 4
69 6
69 9
69 13
69 14
69 20
69 24
69 28
69 29
69 31
69 32
69 39
69 40
69 45
69 46
69 47
69 48
69 55
69 56
69 63
69 64
69 76
69 77
69 79
69 81
69 83
69 84
69 90
69 92
69 99
69 106
69 108
69 109
69 113
69 117
69 121
69 123
69 124
69 126
69 128
69 132
69 133
69 140
69 141
69 142
69 146
69 5
69 7
69 10
69 11
69 12
69 15
69 16
69 18
69 22
69 27
69 41
69 42
69 43
69 50
69 52
69 53
69 58
69 59
69 62
69 65
69 68
69 74
69 80
69 82
69 86
69 87
69 88
69 91
69 94
69 95
69 96
69 97
69 98
69 100
69 102
69 103
69 104
69 112
69 114
69 116
69 118
69 122
69 134
69 135
69 136
69 137
69 138
69 145
70 1
70 3
70 4
70 5
70 9
70 10
70 13
70 16
70 17
70 18
70 19
70 20
70 21
70 22
70 24
70 25
70 26
70 28
70 32
70 38
70 46
70 50
70 51
70 53
70 54
70 55
70 57
70 65
70 68
70 71
70 73
70 75
70 79
70 80
70 82
70 87
70 98
70 99
70 102
70 104
70 106
70 113
70 114
70 119
70 120
70 122
70 126
70 127
70 129
70 133
70 136
70 139
70 141
70 147
70 2
70 8
70 11
70 29
70 31
70 33
70 35
70 37
70 39
70 40
70 42
70 44
70 47
70 48
70 52
70 56
70 59
70 60
70 62
70 63
70 72
70 74
70 76
70 77
70 78
70 89
70 91
70 92
70 95
70 100
70 101
70 105
70 107
70 108
70 110
70 112
70 117
70 118
70 121
70 123
70 125
70 128
70 130
70 131
70 135
70 137
70 142
70 143
70 145
70 148
71 7
71 17
71 19
71 20
71 23
71 24
71 27
71 34
71 40
71 46
71 53
71 55
71 63
71 64
71 65
71 68
71 70
71 74
71 79
71 83
71 85
71 87
71 91
71 93
71 94
71 96
71 97
71 100
71 103
71 107
71 108
71 109
71 113
71 115
71 116
71 117
71 122
71 129
71 132
71 135
71 138
71 142
71 143
71 149
71 1
71 3
71 4
71 5
71 9
71 18
71 26
71 28
71 31
71 32
71 33
71 35
71 36
71 38
71 41
71 42
71 43
71 47
71 48
71 51
71 52
71 54
71 56
71 67
71 73
71 78
71 82
71 88
71 92
71 102
71 118
71 120
71 123
71 124
71 131
71 133
71 136
71 139
71 140
71 141
71 147
72 1
72 3
72 5
72 8
72 9
72 11
72 13
72 19
72 25
72 26
72 27
72 36
72 37
72 38
72 40
72 41
72 43
72 46
72 48
72 49
72 51
72 53
72 61
72 64
72 66
72 73
72 75
72 80
72 83
72 84
72 91
72 99
72 100
72 103
72 106
72 107
72 109
72 111
72 112
72 116
72 119
72 121
72 122
72 123
72 127
72 128
72 146
72 147
72 148
72 6
72 7
72 12
72 15
72 16
72 17
72 18
72 22
72 32
72 35
72 45
72 50
72 52
72 60
72 62
72 63
72 68
72 70
72 77
72 78
72 85
72 87
72 88
72 97
72 98
72 101
72 105
72 108
72 113
72 117
72 118
72 126
72 129
72 131
72 135
72 139
72 144
73 1
73 3
73 5
73 11
73 13
73 16
73 20
73 29
73 42
73 49
73 50
73 53
73 57
73 58
73 59
73 60
73 64
73 70
73 72
73 74
73 76
73 78
73 80
73 88
73 101
73 103
73 104
73 105
73 108
73 112
73 118
73 121
73 123
73 126
73 134
73 139
73 141
73 142
73 146
73 149
73 2
73 4
73 9
73 12
73 15
73 19
73 22
73 23
73 24
73 26
73 28
73 32
73 35
73 37
73 38
73 39
73 43
73 44
73 45
73 54
73 55
73 61
73 63
73 66
73 67
73 68
73 71
73 75
73 77
73 81
73 82
73 83
73 86
73 89
73 90
73 91
73 92
73 93
73 95
73 97
73 98
73 99
73 107
73 109
73 111
73 113
73 117
73 129
73 130
73 131
73 132
73 133
73 140
73 145
73 147
74 4
74 10
74 11
74 13
74 14
74 21
74 27
74 31
74 33
74 34
74 44
74 51
74 54
74 55
74 57
74 58
74 59
74 61
74 64
74 65
74 71
74 73
74 78
74 80
74 81
74 82
74 83
74 89
74 93
74 98
74 103
74 108
74 112
74 114
74 115
74 118
74 123
74 132
74 133
74 137
74 139
74 145
74 149
74 2
74 5
74 7
74 8
74 9
74 12
74 15
74 16
74 18
74 22
74 23
74 25
74 29
74 32
74 35
74 38
74 39
74 40
74 43
74 50
74 52
74 53
74 56
74 62
74 66
74 68
74 69
74 70
74 75
74 76
74 77
74 88
74 90
74 91
74 94
74 99
74 100
74 104
74 106
74 107
74 109
74 111
74 116
74 117
74 120
74 122
74 124
74 127
74 129
74 130
74 134
74 136
74 141
74 142
74 144
74 147
75 3
75 6
75 11
75 13
75 14
75 21
75 23
75 24
75 25
75 30
75 36
75 38
75 39
75 42
75 45
75 49
75 51
75 56
75 57
75 58
75 59
75 70
75 72
75 77
75 78
75 79
75 84
75 88
75 89
75 92
75 94
75 97
75 99
75 100
75 101
75 106
75 108
75 109
75 110
75 113
75 115
75 116
75 118
75 119
75 120
75 122
75 124
75 130
75 132
75 133
75 135
75 140
75 148
75 2
75 7
75 8
75 15
75 17
75 19
75 20
75 22
75 29
75 32
75 33
75 37
75 40
75 43
75 44
75 46
75 47
75 50
75 53
75 55
75 61
75 62
75 63
75 66
75 73
75 74
75 76
75 81
75 85
75 91
75 95
75 105
75 121
75 123
75 126
75 127
75 134
75 136
75 139
75 142
75 143
75 144
76 1
76 3
76 7
76 14
76 16
76 20
76 27
76 28
76 31
76 33
76 35
76 37
76 38
76 39
76 43
76 45
76 50
76 53
76 55
76 57
76 58
76 60
76 67
76 68
76 69
76 73
76 82
76 86
76 87
76 89
76 90
76 93
76 96
76 99
76 100
76 101
76 103
76 106
76 110
76 111
76 114
76 116
76 128
76 130
76 131
76 132
76 135
76 141
76 144
76 147
76 149
76 2
76 5
76 6
76 9
76 15
76 18
76 19
76 21
76 22
76 23
76 25
76 26
76 30
76 34
76 40
76 41
76 44
76 49
76 52
76 54
76 61
76 62
76 64
76 66
76 70
76 74
76 75
76 78
76 84
76 85
76 92
76 94
76 95
76 104
76 105
76 108
76 112
76 115
76 120
76 124
76 125
76 133
76 136
76 138
76 142
76 146
77 1
77 5
77 6
77 7
77 8
77 9
77 10
77 13
77 14
77 15
77 20
77 26
77 28
77 29
77 30
77 36
77 40
77 43
77 48
77 53
77 55
77 56
77 57
77 62
77 64
77 69
77 75
77 78
77 79
77 82
77 83
77 84
77 91
77 95
77 98
77 99
77 107
77 112
77 113
77 115
77 116
77 117
77 119
77 121
77 123
77 125
77 126
77 127
77 132
77 136
77 137
77 147
77 148
77 149
77 2
77 3
77 4
77 17
77 24
77 25
77 27
77 32
77 33
77 34
77 38
77 41
77 42
77 46
77 47
77 51
77 52
77 58
77 59
77 60
77 63
77 65
77 66
77 70
77 72
77 73
77 74
77 80
77 86
77 88
77 92
77 93
77 94
77 97
77 100
77 101
77 102
77 103
77 104
77 106
77 108
77 109
77 110
77 118
77 120
77 122
77 124
77 128
77 140
77 141
77 142
77 143
77 144
78 1
78 2
78 7
78 12
78 14
78 17
78 20
78 25
78 27
78 29
78 32
78 33
78 35
78 38
78 40
78 42
78 44
78 45
78 46
78 47
78 57
78 58
78 60
78 61
78 63
78 65
78 66
78 73
78 74
78 75
78 77
78 79
78 80
78 83
78 85
78 89
78 93
78 94
78 96
78 97
78 98
78 100
78 101
78 104
78 107
78 108
78 110
78 111
78 116
78 118
78 123
78 127
78 128
78 130
78 136
78 140
78 143
78 146
78 147
78 148
78 4
78 9
78 10
78 13
78 15
78 21
78 22
78 24
78 28
78 30
78 31
78 48
78 49
78 51
78 52
78 53
78 64
78 67
78 70
78 71
78 72
78 76
78 81
78 86
78 88
78 90
78 91
78 92
78 103
78 105
78 106
78 109
78 114
78 115
78 119
78 121
78 122
78 124
78 126
78 131
78 132
78 135
78 137
78 139
78 142
78 144
78 145
79 5
79 6
79 9
79 17
79 18
79 20
79 22
79 25
79 33
79 38
79 39
79 42
79 45
79 47
79 49
79 51
79 52
79 53
79 57
79 58
79 59
79 60
79 61
79 65
79 66
79 69
79 70
79 71
79 75
79 77
79 78
79 83
79 85
79 86
79 89
79 98
79 101
79 106
79 107
79 109
79 112
79 113
79 115
79 116
79 119
79 120
79 121
79 123
79 128
79 130
79 132
79 135
79 138
79 143
79 147
79 148
79 149
79 2
79 4
79 7
79 10
79 13
79 16
79 23
79 26
79 27
79 30
79 32
79 37
79 40
79 46
79 50
79 54
79 55
79 56
79 67
79 80
79 82
79 87
79 88
79 90
79 93
79 95
79 100
79 104
79 110
79 114
79 124
79 140
79 142
79 145
79 146
80 3
80 4
80 9
80 14
80 16
80 17
80 21
80 23
80 24
80 27
80 28
80 29
80 30
80 33
80 35
80 36
80 37
80 39
80 50
80 57
80 60
80 61
80 62
80 64
80 66
80 67
80 70
80 72
80 73
80 74
80 78
80 81
80 82
80 88
80 89
80 91
80 98
80 100
80 102
80 104
80 105
80 106
80 109
80 110
80 111
80 112
80 116
80 119
80 122
80 123
80 125
80 132
80 136
80 139
80 140
80 141
80 142
80 144
80 12
80 13
80 15
80 20
80 22
80 25
80 26
80 31
80 32
80 34
80 41
80 44
80 45
80 48
80 49
80 53
80 54
80 55
80 56
80 58
80 65
80 68
80 69
80 77
80 79
80 85
80 87
80 90
80 93
80 94
80 95
80 101
80 107
80 108
80 115
80 117
80 118
80 127
80 128
80 131
80 135
80 138
80 143
80 147
80 148
81 10
81 16
81 19
81 28
81 29
81 30
81 31
81 33
81 34
81 40
81 41
81 42
81 43
81 45
81 49
81 51
81 56
81 57
81 58
81 59
81 65
81 66
81 69
81 74
81 80
81 82
81 85
81 87
81 93
81 97
81 103
81 104
81 105
81 106
81 108
81 109
81 114
81 123
81 125
81 126
81 134
81 139
81 144
81 148
81 149
81 1
81 2
81 3
81 5
81 6
81 7
81 11
81 13
81 15
81 17
81 18
81 21
81 22
81 23
81 26
81 27
81 32
81 35
81 36
81 39
81 46
81 48
81 50
81 54
81 55
81 60
81 64
81 67
81 73
81 75
81 78
81 89
81 92
81 94
81 98
81 102
81 107
81 113
81 115
81 119
81 120
81 121
81 124
81 127
81 128
81 129
81 130
81 131
81 133
81 135
81 136
81 137
81 145
81 147
82 5
82 6
82 7
82 8
82 9
82 16
82 19
82 25
82 27
82 31
82 34
82 36
82 43
82 48
82 50
82 51
82 54
82 55
82 57
82 61
82 62
82 66
82 67
82 68
82 70
82 74
82 76
82 77
82 80
82 81
82 84
82 86
82 87
82 88
82 94
82 96
82 97
82 99
82 100
82 106
82 108
82 110
82 113
82 118
82 120
82 124
82 125
82 127
82 129
82 130
82 131
82 133
82 135
82 138
82 143
82 144
82 148
82 2
82 4
82 10
82 13
82 15
82 18
82 20
82 21
82 22
82 28
82 30
82 33
82 38
82 40
82 41
82 44
82 45
82 47
82 49
82 53
82 58
82 59
82 63
82 64
82 65
82 69
82 71
82 73
82 79
82 83
82 85
82 89
82 101
82 102
82 103
82 104
82 105
82 112
82 117
82 119
82 121
82 122
82 123
82 134
82 136
82 137
82 140
82 145
82 146
83 1
83 3
83 4
83 5
83 13
83 15
83 17
83 18
83 24
83 30
83 32
83 35
83 48
83 49
83 51
83 53
83 56
83 58
83 59
83 62
83 64
83 66
83 67
83 69
83 71
83 72
83 74
83 77
83 78
83 79
83 91
83 93
83 94
83 99
83 106
83 107
83 109
83 113
83 116
83 118
83 119
83 120
83 121
83 124
83 127
83 129
83 134
83 136
83 138
83 140
83 143
83 144
83 148
83 149
83 2
83 8
83 9
83 11
83 14
83 16
83 27
83 29
83 31
83 33
83 37
83 38
83 39
83 40
83 42
83 43
83 45
83 47
83 57
83 63
83 73
83 82
83 85
83 87
83 88
83 90
83 92
83 97
83 98
83 101
83 103
83 105
83 108
83 110
83 111
83 115
83 117
83 122
83 123
83 125
83 128
83 130
83 135
83 139
83 145
84 7
84 8
84 10
84 12
84 15
84 16
84 17
84 22
84 26
84 27
84 31
84 32
84 33
84 37
84 38
84 39
84 43
84 45
84 46
84 47
84 48
84 49
84 50
84 54
84 57
84 64
84 65
84 69
84 72
84 75
84 77
84 82
84 86
84 89
84 90
84 91
84 93
84 96
84 97
84 101
84 103
84 109
84 110
84 120
84 121
84 122
84 125
84 130
84 131
84 135
84 136
84 138
84 142
84 143
84 144
84 149
84 9
84 11
84 20
84 34
84 40
84 41
84 42
84 55
84 56
84 59
84 62
84 66
84 67
84 76
84 85
84 95
84 111
84 113
84 116
84 117
84 124
84 126
84 129
84 132
84 133
84 134
84 140
84 146
84 147
85 2
85 6
85 11
85 12
85 13
85 16
85 21
85 24
85 26
85 27
85 29
85 30
85 31
85 32
85 35
85 36
85 37
85 44
85 45
85 49
85 50
85 55
85 56
85 59
85 62
85 63
85 65
85 67
85 68
85 71
85 78
85 79
85 81
85 86
85 87
85 88
85 92
85 96
85 98
85 102
85 106
85 108
85 112
85 115
85 116
85 117
85 120
85 126
85 127
85 128
85 129
85 130
85 131
85 133
85 136
85 138
85 139
85 142
85 146
85 147
85 148
85 149
85 4
85 5
85 14
85 17
85 18
85 19
85 20
85 25
85 33
85 40
85 43
85 46
85 47
85 51
85 53
85 57
85 61
85 72
85 75
85 76
85 80
85 82
85 83
85 84
85 91
85 93
85 94
85 103
85 104
85 107
85 111
85 114
85 119
85 123
85 124
85 132
85 135
85 137
85 141
85 145
86 3
86 6
86 9
86 11
86 16
86 17
86 18
86 22
86 27
86 30
86 34
86 36
86 37
86 38
86 44
86 53
86 54
86 57
86 64
86 66
86 76
86 79
86 82
86 84
86 85
86 89
86 90
86 93
86 95
86 97
86 98
86 99
86 104
86 113
86 119
86 120
86 121
86 122
86 124
86 125
86 127
86 129
86 131
86 133
86 135
86 138
86 140
86 141
86 144
86 145
86 146
86 147
86 4
86 7
86 8
86 10
86 12
86 19
86 20
86 23
86 24
86 25
86 29
86 31
86 35
86 39
86 40
86 49
86 50
86 52
86 56
86 58
86 59
86 61
86 62
86 63
86 65
86 67
86 68
86 69
86 73
86 77
86 78
86 88
86 94
86 96
86 100
86 101
86 102
86 105
86 108
86 109
86 110
86 111
86 112
86 114
86 116
86 117
86 118
86 126
86 128
86 130
86 132
86 136
86 148
87 1
87 2
87 3
87 5
87 10
87 13
87 19
87 21
87 24
87 25
87 29
87 33
87 39
87 42
87 45
87 47
87 48
87 49
87 52
87 57
87 61
87 62
87 64
87 65
87 66
87 70
87 71
87 76
87 81
87 82
87 85
87 92
87 95
87 96
87 100
87 102
87 110
87 111
87 112
87 113
87 116
87 117
87 118
87 121
87 127
87 128
87 129
87 130
87 133
87 135
87 142
87 147
87 149
87 4
87 6
87 7
87 9
87 11
87 12
87 18
87 26
87 27
87 30
87 31
87 34
87 38
87 41
87 43
87 44
87 50
87 51
87 53
87 54
87 55
87 56
87 59
87 60
87 68
87 69
87 72
87 79
87 80
87 83
87 88
87 89
87 90
87 91
87 98
87 103
87 105
87 107
87 108
87 109
87 120
87 122
87 123
87 126
87 131
87 132
87 136
87 138
87 139
87 141
87 143
87 148
88 1
88 2
88 5
88 11
88 12
88 15
88 16
88 19
88 21
88 23
88 24
88 32
88 36
88 38
88 39
88 42
88 45
88 49
88 56
88 64
88 65
88 66
88 68
88 73
88 75
88 80
88 82
88 85
88 90
88 93
88 97
88 100
88 104
88 105
88 107
88 109
88 110
88 111
88 115
88 117
88 118
88 120
88 124
88 125
88 127
88 128
88 131
88 138
88 142
88 143
88 145
88 148
88 4
88 8
88 14
88 28
88 29
88 30
88 31
88 33
88 35
88 37
88 40
88 44
88 47
88 51
88 52
88 53
88 55
88 57
88 59
88 62
88 63
88 69
88 71
88 72
88 74
88 77
88 78
88 79
88 83
88 86
88 87
88 89
88 92
88 94
88 96
88 99
88 101
88 102
88 106
88 108
88 113
88 114
88 116
88 119
88 121
88 126
88 130
88 136
88 140
89 1
89 2
89 3
89 8
89 11
89 15
89 23
89 25
89 26
89 27
89 28
89 29
89 30
89 31
89 33
89 34
89 35
89 36
89 42
89 45
89 47
89 48
89 49
89 51
89 53
89 58
89 59
89 60
89 62
89 63
89 65
89 67
89 68
89 74
89 75
89 76
89 78
89 79
89 80
89 84
89 86
89 90
89 94
89 95
89 96
89 97
89 103
89 106
89 114
89 115
89 119
89 131
89 134
89 135
89 137
89 138
89 139
89 144
89 145
89 4
89 6
89 7
89 9
89 10
89 13
89 14
89 16
89 18
89 19
89 21
89 24
89 32
89 38
89 39
89 41
89 43
89 50
89 55
89 56
89 57
89 61
89 64
89 66
89 70
89 73
89 81
89 82
89 87
89 88
89 91
89 107
89 109
89 112
89 113
89 120
89 122
89 125
89 128
89 129
89 130
89 136
89 142
89 143
90 5
90 6
90 7
90 9
90 11
90 12
90 13
90 14
90 16
90 18
90 20
90 21
90 24
90 26
90 27
90 29
90 30
90 31
90 34
90 37
90 42
90 46
90 51
90 54
90 59
90 60
90 64
90 67
90 68
90 69
90 76
90 84
90 86
90 88
90 89
90 91
90 93
90 97
90 98
90 101
90 102
90 106
90 111
90 113
90 116
90 117
90 119
90 122
90 123
90 127
90 128
90 130
90 134
90 135
90 137
90 140
90 141
90 144
90 147
90 148
90 149
90 15
90 17
90 22
90 23
90 25
90 33
90 35
90 38
90 39
90 40
90 41
90 44
90 47
90 48
90 52
90 55
90 58
90 62
90 63
90 65
90 73
90 74
90 78
90 79
90 80
90 83
90 87
90 92
90 94
90 95
90 104
90 105
90 108
90 112
90 115
90 120
90 124
90 125
90 133
90 136
90 138
90 142
90 146
91 6
91 7
91 8
91 11
91 14
91 15
91 17
91 19
91 20
91 25
91 26
91 27
91 28
91 29
91 34
91 37
91 41
91 45
91 47
91 50
91 51
91 59
91 61
91 62
91 63
91 65
91 71
91 72
91 77
91 80
91 83
91 84
91 90
91 93
91 95
91 96
91 109
91 110
91 112
91 121
91 126
91 127
91 128
91 130
91 133
91 135
91 139
91 140
91 141
91 145
91 146
91 148
91 2
91 3
91 4
91 5
91 9
91 21
91 24
91 32
91 35
91 39
91 40
91 42
91 48
91 55
91 56
91 60
91 64
91 66
91 67
91 69
91 70
91 73
91 74
91 75
91 78
91 85
91 87
91 89
91 94
91 100
91 102
91 106
91 107
91 108
91 111
91 114
91 115
91 116
91 117
91 118
91 120
91 122
91 123
91 124
91 132
91 134
91 136
91 138
91 142
92 5
92 6
92 9
92 13
92 14
92 19
92 20
92 24
92 26
92 32
92 36
92 37
92 39
92 41
92 42
92 43
92 48
92 49
92 51
92 55
92 56
92 59
92 60
92 62
92 65
92 66
92 69
92 75
92 85
92 87
92 93
92 95
92 103
92 105
92 108
92 111
92 113
92 122
92 126
92 127
92 128
92 129
92 130
92 135
92 136
92 141
92 145
92 146
92 149
92 7
92 8
92 11
92 15
92 18
92 22
92 25
92 28
92 29
92 30
92 34
92 35
92 38
92 40
92 45
92 50
92 52
92 53
92 70
92 71
92 73
92 76
92 77
92 78
92 81
92 83
92 88
92 90
92 98
92 99
92 100
92 101
92 102
92 109
92 114
92 116
92 118
92 119
92 120
92 131
92 133
92 134
92 137
92 142
92 143
92 147
93 5
93 7
93 8
93 12
93 14
93 15
93 17
93 22
93 23
93 28
93 29
93 30
93 33
93 35
93 36
93 37
93 39
93 41
93 46
93 52
93 53
93 57
93 62
93 64
93 67
93 71
93 74
93 76
93 78
93 81
93 83
93 84
93 86
93 88
93 90
93 91
93 92
93 96
93 98
93 100
93 102
93 109
93 113
93 114
93 119
93 123
93 125
93 127
93 128
93 131
93 133
93 134
93 140
93 143
93 148
93 149
93 2
93 4
93 6
93 11
93 16
93 19
93 25
93 26
93 32
93 42
93 43
93 44
93 45
93 54
93 55
93 61
93 63
93 66
93 73
93 77
93 79
93 80
93 85
93 94
93 95
93 97
93 99
93 104
93 105
93 108
93 110
93 112
93 115
93 117
93 118
93 122
93 124
93 129
93 130
93 132
93 135
93 137
93 142
93 146
94 1
94 2
94 24
94 27
94 34
94 35
94 40
94 44
94 46
94 49
94 52
94 57
94 58
94 61
94 67
94 71
94 75
94 78
94 82
94 83
94 89
94 96
94 97
94 99
94 100
94 101
94 103
94 105
94 107
94 110
94 111
94 114
94 115
94 117
94 119
94 120
94 125
94 127
94 129
94 132
94 135
94 136
94 138
94 139
94 142
94 145
94 147
94 148
94 4
94 6
94 7
94 9
94 10
94 12
94 13
94 15
94 18
94 21
94 22
94 26
94 30
94 31
94 37
94 38
94 41
94 42
94 48
94 50
94 53
94 54
94 62
94 64
94 66
94 68
94 69
94 74
94 76
94 77
94 80
94 81
94 85
94 86
94 88
94 90
94 91
94 93
94 98
94 102
94 112
94 128
94 130
94 133
94 134
94 141
94 143
94 146
95 1
95 3
95 9
95 10
95 12
95 15
95 17
95 19
95 21
95 22
95 23
95 28
95 29
95 34
95 36
95 39
95 42
95 43
95 49
95 51
95 54
95 56
95 61
95 64
95 77
95 86
95 87
95 89
95 91
95 92
95 101
95 103
95 107
95 108
95 109
95 112
95 113
95 114
95 119
95 122
95 124
95 125
95 126
95 128
95 132
95 133
95 136
95 137
95 139
95 142
95 143
95 144
95 147
95 148
95 2
95 4
95 5
95 6
95 18
95 24
95 25
95 30
95 32
95 33
95 44
95 47
95 55
95 58
95 63
95 65
95 66
95 67
95 69
95 70
95 73
95 75
95 76
95 79
95 80
95 84
95 90
95 93
95 96
95 97
95 98
95 104
95 110
95 111
95 118
95 120
95 121
95 130
95 131
95 134
95 138
95 141
95 146
96 1
96 6
96 7
96 11
96 16
96 21
96 24
96 27
96 28
96 32
96 35
96 38
96 39
96 40
96 42
96 43
96 44
96 46
96 49
96 51
96 53
96 54
96 58
96 62
96 66
96 71
96 76
96 78
96 82
96 84
96 85
96 87
96 89
96 91
96 93
96 94
96 100
96 106
96 111
96 113
96 117
96 118
96 124
96 127
96 132
96 135
96 141
96 143
96 144
96 149
96 8
96 9
96 12
96 13
96 14
96 15
96 17
96 19
96 22
96 23
96 29
96 34
96 37
96 41
96 45
96 52
96 55
96 56
96 57
96 61
96 63
96 68
96 69
96 86
96 88
96 95
96 98
96 99
96 107
96 110
96 112
96 116
96 120
96 125
96 131
96 133
96 137
96 138
96 139
96 142
96 145
96 146
96 147
96 148
97 3
97 4
97 7
97 13
97 15
97 16
97 17
97 18
97 27
97 28
97 29
97 31
97 35
97 40
97 41
97 43
97 50
97 52
97 54
97 57
97 60
97 61
97 63
97 65
97 67
97 71
97 75
97 78
97 81
97 82
97 84
97 86
97 88
97 89
97 90
97 94
97 99
97 108
97 109
97 120
97 124
97 126
97 130
97 131
97 139
97 142
97 143
97 144
97 146
97 147
97 1
97 2
97 9
97 11
97 12
97 20
97 21
97 25
97 30
97 34
97 36
97 39
97 46
97 51
97 55
97 56
97 64
97 68
97 69
97 72
97 73
97 77
97 83
97 93
97 95
97 98
97 100
97 102
97 103
97 104
97 112
97 114
97 116
97 118
97 122
97 134
97 135
97 136
97 137
97 138
97 145
98 3
98 8
98 12
98 15
98 18
98 19
98 23
98 24
98 25
98 28
98 33
98 34
98 38
98 39
98 40
98 42
98 43
98 44
98 47
98 50
98 53
98 55
98 56
98 59
98 61
98 62
98 67
98 70
98 74
98 77
98 78
98 79
98 80
98 85
98 86
98 90
98 93
98 99
98 101
98 103
98 110
98 111
98 114
98 116
98 118
98 124
98 125
98 126
98 131
98 134
98 141
98 144
98 147
98 148
98 149
98 6
98 10
98 13
98 14
98 17
98 21
98 46
98 48
98 49
98 51
98 57
98 64
98 69
98 72
98 73
98 81
98 83
98 87
98 92
98 94
98 95
98 96
98 97
98 100
98 102
98 104
98 105
98 106
98 117
98 119
98 120
98 123
98 128
98 129
98 133
98 135
98 136
98 138
98 140
98 145
98 146
99 2
99 3
99 4
99 5
99 6
99 12
99 16
99 22
99 25
99 26
99 31
99 41
99 43
99 51
99 52
99 60
99 62
99 63
99 66
99 68
99 69
99 70
99 72
99 75
99 76
99 77
99 82
99 83
99 86
99 94
99 97
99 98
99 101
99 105
99 108
99 111
99 113
99 115
99 118
99 119
99 120
99 135
99 136
99 149
99 1
99 7
99 10
99 11
99 13
99 18
99 20
99 21
99 24
99 27
99 30
99 32
99 33
99 36
99 38
99 46
99 47
99 49
99 50
99 53
99 59
99 64
99 73
99 74
99 88
99 92
99 93
99 96
99 100
99 102
99 104
99 107
99 109
99 110
99 114
99 116
99 121
99 122
99 124
99 127
99 129
99 134
99 138
99 144
99 148
100 2
100 5
100 7
100 9
100 10
100 12
100 19
100 25
100 28
100 29
100 30
100 35
100 36
100 39
100 42
100 47
100 51
100 55
100 58
100 60
100 61
100 64
100 65
100 66
100 67
100 68
100 71
100 72
100 75
100 76
100 78
100 80
100 82
100 87
100 88
100 93
100 94
100 96
100 102
100 103
100 104
100 108
100 112
100 119
100 120
100 122
100 123
100 124
100 127
100 134
100 137
100 138
100 140
100 142
100 143
100 149
100 11
100 13
100 15
100 20
100 22
100 23
100 27
100 31
100 37
100 38
100 40
100 44
100 45
100 46
100 49
100 53
100 56
100 63
100 69
100 70
100 74
100 77
100 79
100 86
100 91
100 92
100 97
100 98
100 99
100 110
100 126
100 128
100 131
100 132
100 139
100 141
100 144
100 147
100 148
101 3
101 4
101 10
101 11
101 12
101 15
101 21
101 25
101 30
101 33
101 34
101 35
101 38
101 40
101 43
101 45
101 56
101 62
101 63
101 66
101 68
101 73
101 75
101 76
101 78
101 79
101 84
101 90
101 94
101 95
101 98
101 99
101 104
101 105
101 109
101 111
101 117
101 118
101 119
101 127
101 129
101 132
101 133
101 136
101 137
101 139
101 144
101 146
101 148
101 2
101 6
101 8
101 9
101 14
101 18
101 19
101 26
101 27
101 29
101 31
101 37
101 41
101 46
101 48
101 49
101 51
101 54
101 57
101 58
101 59
101 60
101 61
101 65
101 67
101 70
101 72
101 77
101 80
101 82
101 83
101 86
101 88
101 92
101 102
101 108
101 114
101 115
101 122
101 124
101 125
101 134
101 135
101 138
101 142
101 145
102 7
102 9
102 13
102 14
102 16
102 18
102 23
102 26
102 31
102 32
102 39
102 42
102 44
102 47
102 48
102 50
102 54
102 55
102 58
102 60
102 61
102 62
102 65
102 67
102 68
102 70
102 80
102 85
102 87
102 90
102 93
102 100
102 103
102 105
102 106
102 107
102 112
102 114
102 115
102 116
102 118
102 123
102 124
102 125
102 129
102 133
102 137
102 138
102 142
102 144
102 145
102 1
102 6
102 11
102 17
102 25
102 27
102 28
102 36
102 37
102 40
102 41
102 49
102 53
102 56
102 59
102 63
102 69
102 71
102 77
102 81
102 82
102 86
102 88
102 91
102 92
102 94
102 97
102 98
102 99
102 101
102 104
102 108
102 109
102 117
102 120
102 122
102 126
102 130
102 135
102 141
102 143
102 147
102 148
103 2
103 3
103 5
103 8
103 10
103 11
103 12
103 13
103 14
103 22
103 24
103 28
103 29
103 30
103 32
103 34
103 37
103 40
103 44
103 48
103 49
103 52
103 55
103 59
103 61
103 63
103 66
103 67
103 71
103 72
103 73
103 74
103 76
103 81
103 84
103 89
103 92
103 94
103 95
103 98
103 100
103 102
103 105
103 115
103 117
103 121
103 123
103 125
103 127
103 135
103 136
103 139
103 140
103 141
103 142
103 143
103 145
103 147
103 148
103 149
103 1
103 4
103 6
103 7
103 9
103 16
103 17
103 20
103 25
103 26
103 27
103 35
103 36
103 38
103 39
103 42
103 45
103 50
103 54
103 58
103 65
103 69
103 77
103 78
103 82
103 83
103 85
103 87
103 97
103 104
103 107
103 110
103 111
103 112
103 113
103 114
103 116
103 118
103 119
103 120
103 128
103 130
103 132
103 134
103 138
104 2
104 3
104 5
104 10
104 15
104 20
104 21
104 27
104 28
104 31
104 32
104 33
104 34
104 35
104 38
104 46
104 49
104 50
104 51
104 53
104 59
104 60
104 64
104 65
104 66
104 67
104 68
104 70
104 73
104 78
104 80
104 81
104 86
104 88
104 100
104 101
104 111
104 113
104 115
104 120
104 121
104 129
104 131
104 132
104 134
104 136
104 140
104 143
104 146
104 147
104 148
104 149
104 6
104 11
104 14
104 17
104 24
104 26
104 30
104 39
104 40
104 41
104 42
104 44
104 54
104 56
104 57
104 69
104 74
104 76
104 77
104 79
104 82
104 85
104 90
104 93
104 95
104 97
104 98
104 99
104 102
104 103
104 106
104 107
104 108
104 109
104 110
104 117
104 122
104 124
104 126
104 127
104 128
104 139
104 141
104 142
104 145
105 1
105 7
105 8
105 10
105 11
105 17
105 20
105 23
105 24
105 25
105 26
105 28
105 32
105 36
105 40
105 42
105 44
105 45
105 46
105 48
105 50
105 52
105 54
105 60
105 66
105 68
105 73
105 80
105 81
105 88
105 92
105 94
105 99
105 101
105 102
105 103
105 106
105 109
105 111
105 116
105 120
105 122
105 123
105 126
105 129
105 133
105 143
105 147
105 148
105 4
105 5
105 6
105 14
105 19
105 21
105 30
105 33
105 34
105 35
105 37
105 38
105 43
105 47
105 51
105 53
105 55
105 57
105 59
105 61
105 64
105 67
105 70
105 72
105 75
105 76
105 78
105 82
105 83
105 86
105 87
105 90
105 93
105 98
105 107
105 108
105 112
105 114
105 115
105 117
105 119
105 124
105 125
105 128
105 130
105 132
105 135
105 137
105 138
105 142
105 144
106 1
106 2
106 3
106 4
106 6
106 9
106 10
106 21
106 22
106 23
106 28
106 29
106 31
106 32
106 34
106 36
106 38
106 41
106 42
106 45
106 46
106 49
106 51
106 53
106 55
106 56
106 58
106 60
106 63
106 65
106 67
106 69
106 70
106 72
106 75
106 76
106 79
106 80
106 81
106 82
106 83
106 85
106 89
106 90
106 96
106 102
106 105
106 111
106 117
106 119
106 123
106 126
106 128
106 131
106 132
106 139
106 140
106 141
106 12
106 14
106 18
106 19
106 25
106 35
106 40
106 43
106 48
106 57
106 61
106 62
106 66
106 68
106 74
106 77
106 78
106 88
106 91
106 98
106 104
106 107
106 108
106 110
106 113
106 115
106 120
106 124
106 130
106 134
106 144
107 1
107 5
107 7
107 9
107 11
107 13
107 14
107 15
107 19
107 23
107 24
107 26
107 27
107 28
107 32
107 35
107 40
107 44
107 45
107 46
107 49
107 54
107 60
107 64
107 71
107 72
107 77
107 78
107 79
107 83
107 88
107 94
107 95
107 102
107 111
107 112
107 115
107 116
107 117
107 118
107 123
107 126
107 127
107 128
107 130
107 133
107 136
107 138
107 143
107 146
107 3
107 4
107 6
107 8
107 10
107 12
107 17
107 18
107 29
107 38
107 41
107 42
107 43
107 53
107 55
107 56
107 58
107 62
107 63
107 65
107 68
107 70
107 73
107 74
107 80
107 81
107 85
107 87
107 89
107 91
107 96
107 99
107 103
107 104
107 105
107 106
107 119
107 121
107 124
107 125
107 132
107 134
107 137
107 140
107 141
107 142
107 148
108 1
108 2
108 3
108 4
108 11
108 12
108 15
108 16
108 17
108 21
108 22
108 27
108 33
108 38
108 40
108 47
108 48
108 53
108 55
108 57
108 59
108 68
108 69
108 71
108 73
108 74
108 75
108 78
108 81
108 82
108 85
108 92
108 95
108 97
108 99
108 100
108 110
108 111
108 112
108 116
108 117
108 120
108 126
108 127
108 129
108 130
108 133
108 137
108 140
108 143
108 144
108 149
108 9
108 20
108 25
108 30
108 31
108 34
108 37
108 43
108 45
108 46
108 51
108 52
108 58
108 62
108 63
108 65
108 66
108 70
108 72
108 76
108 77
108 80
108 83
108 86
108 87
108 88
108 90
108 91
108 93
108 101
108 102
108 104
108 105
108 106
108 114
108 115
108 122
108 124
108 125
108 134
108 135
108 138
108 142
108 145
109 1
109 2
109 10
109 15
109 16
109 17
109 19
109 25
109 26
109 27
109 34
109 36
109 38
109 44
109 53
109 59
109 60
109 63
109 68
109 69
109 71
109 72
109 75
109 79
109 80
109 81
109 83
109 84
109 88
109 91
109 93
109 95
109 97
109 101
109 105
109 112
109 114
109 118
109 120
109 121
109 122
109 125
109 132
109 135
109 136
109 139
109 140
109 141
109 143
109 145
109 147
109 149
109 3
109 4
109 6
109 7
109 8
109 9
109 11
109 18
109 20
109 29
109 33
109 35
109 37
109 41
109 43
109 47
109 49
109 50
109 52
109 55
109 56
109 58
109 62
109 65
109 66
109 73
109 74
109 77
109 78
109 86
109 87
109 89
109 92
109 99
109 102
109 104
109 111
109 115
109 116
109 124
109 127
109 129
109 133
109 137
109 142
109 148
110 3
110 5
110 7
110 8
110 14
110 15
110 18
110 20
110 26
110 28
110 29
110 32
110 33
110 35
110 41
110 42
110 43
110 45
110 46
110 47
110 53
110 54
110 55
110 58
110 60
110 61
110 64
110 75
110 76
110 78
110 80
110 82
110 84
110 87
110 88
110 91
110 94
110 98
110 108
110 111
110 113
110 115
110 120
110 122
110 123
110 136
110 139
110 140
110 141
110 143
110 145
110 147
110 149
110 1
110 6
110 10
110 11
110 12
110 17
110 23
110 24
110 25
110 27
110 30
110 31
110 34
110 36
110 37
110 38
110 40
110 44
110 48
110 52
110 56
110 59
110 62
110 63
110 68
110 70
110 77
110 79
110 83
110 86
110 93
110 95
110 96
110 99
110 100
110 103
110 104
110 106
110 112
110 116
110 117
110 118
110 121
110 124
110 125
110 126
110 127
110 128
110 130
110 132
110 133
110 134
110 142
110 144
110 146
110 148
111 5
111 8
111 11
111 15
111 16
111 19
111 20
111 24
111 25
111 26
111 30
111 33
111 34
111 40
111 43
111 45
111 47
111 49
111 50
111 53
111 56
111 57
111 58
111 60
111 61
111 63
111 66
111 68
111 72
111 76
111 78
111 80
111 87
111 88
111 90
111 92
111 94
111 96
111 98
111 99
111 101
111 104
111 105
111 106
111 107
111 108
111 110
111 116
111 120
111 121
111 122
111 125
111 132
111 133
111 134
111 135
111 137
111 139
111 140
111 149
111 6
111 9
111 13
111 17
111 21
111 31
111 32
111 37
111 39
111 42
111 48
111 52
111 55
111 59
111 64
111 73
111 74
111 83
111 84
111 85
111 86
111 91
111 95
111 103
111 109
111 115
111 127
111 128
111 129
111 130
111 131
111 138
111 143
111 145
111 147
111 148
112 2
112 9
112 13
112 16
112 19
112 23
112 25
112 31
112 33
112 39
112 44
112 46
112 47
112 48
112 49
112 51
112 54
112 55
112 60
112 62
112 63
112 68
112 72
112 73
112 74
112 77
112 79
112 80
112 85
112 87
112 91
112 95
112 100
112 102
112 107
112 108
112 109
112 114
112 116
112 120
112 121
112 122
112 123
112 128
112 132
112 134
112 144
112 146
112 148
112 1
112 3
112 10
112 14
112 15
112 17
112 18
112 21
112 22
112 24
112 30
112 32
112 36
112 37
112 38
112 45
112 52
112 53
112 57
112 58
112 64
112 65
112 66
112 69
112 70
112 76
112 82
112 86
112 89
112 90
112 93
112 94
112 96
112 97
112 103
112 105
112 110
112 113
112 124
112 126
112 127
112 130
112 135
112 136
112 140
112 142
112 143
112 145
112 147
113 5
113 6
113 10
113 16
113 21
113 23
113 24
113 31
113 33
113 36
113 37
113 41
113 47
113 48
113 52
113 55
113 57
113 60
113 61
113 64
113 65
113 68
113 69
113 70
113 71
113 75
113 77
113 79
113 82
113 83
113 86
113 87
113 90
113 92
113 93
113 95
113 96
113 99
113 104
113 110
113 114
113 116
113 119
113 120
113 138
113 139
113 140
113 146
113 147
113 149
113 2
113 3
113 4
113 7
113 8
113 11
113 13
113 15
113 17
113 20
113 22
113 25
113 26
113 29
113 32
113 38
113 39
113 45
113 46
113 50
113 51
113 54
113 63
113 72
113 73
113 81
113 84
113 88
113 89
113 103
113 106
113 112
113 117
113 118
113 121
113 123
113 125
113 128
113 130
113 131
113 135
113 137
113 142
113 143
113 145
113 148
114 6
114 14
114 16
114 23
114 28
114 30
114 33
114 36
114 43
114 45
114 46
114 51
114 52
114 58
114 59
114 60
114 62
114 65
114 70
114 74
114 76
114 81
114 89
114 93
114 94
114 95
114 98
114 102
114 109
114 112
114 113
114 117
114 118
114 122
114 123
114 124
114 126
114 130
114 132
114 134
114 137
114 138
114 139
114 140
114 141
114 142
114 143
114 144
114 149
114 2
114 8
114 9
114 12
114 13
114 15
114 17
114 18
114 19
114 22
114 26
114 29
114 32
114 34
114 35
114 37
114 39
114 41
114 42
114 44
114 49
114 54
114 56
114 61
114 68
114 69
114 78
114 79
114 85
114 86
114 88
114 91
114 92
114 97
114 99
114 101
114 103
114 105
114 108
114 116
114 121
114 125
114 131
114 135
114 145
115 3
115 9
115 10
115 13
115 17
115 19
115 21
115 24
115 26
115 28
115 38
115 39
115 40
115 43
115 44
115 47
115 49
115 50
115 52
115 57
115 61
115 64
115 66
115 71
115 74
115 75
115 77
115 79
115 85
115 88
115 89
115 94
115 99
115 102
115 103
115 104
115 107
115 110
115 116
115 117
115 122
115 125
115 126
115 129
115 131
115 135
115 139
115 148
115 1
115 2
115 8
115 11
115 15
115 20
115 22
115 25
115 27
115 29
115 30
115 32
115 35
115 36
115 46
115 55
115 58
115 59
115 63
115 65
115 67
115 76
115 78
115 80
115 81
115 83
115 90
115 91
115 93
115 101
115 105
115 106
115 108
115 109
115 111
115 128
115 130
115 133
115 134
115 141
115 143
115 146
116 1
116 4
116 5
116 7
116 8
116 12
116 13
116 14
116 16
116 19
116 21
116 28
116 29
116 30
116 32
116 34
116 35
116 38
116 40
116 41
116 44
116 45
116 46
116 47
116 51
116 54
116 55
116 61
116 63
116 66
116 68
116 71
116 72
116 75
116 76
116 77
116 78
116 79
116 80
116 83
116 85
116 87
116 90
116 98
116 102
116 105
116 107
116 108
116 111
116 112
116 113
116 115
116 120
116 123
116 124
116 126
116 136
116 138
116 143
116 144
116 149
116 2
116 9
116 10
116 15
116 17
116 20
116 22
116 24
116 25
116 37
116 43
116 49
116 53
116 56
116 58
116 65
116 69
116 74
116 84
116 86
116 88
116 91
116 92
116 96
116 97
116 99
116 103
116 109
116 110
116 114
116 117
116 118
116 119
116 125
116 131
116 132
116 139
116 141
116 142
117 1
117 4
117 6
117 7
117 14
117 15
117 17
117 18
117 20
117 21
117 28
117 32
117 39
117 40
117 42
117 45
117 47
117 48
117 49
117 50
117 52
117 53
117 56
117 63
117 64
117 67
117 69
117 71
117 77
117 85
117 87
117 88
117 90
117 94
117 96
117 101
117 103
117 106
117 107
117 108
117 114
117 115
117 122
117 125
117 127
117 129
117 135
117 142
117 143
117 146
117 148
117 149
117 2
117 11
117 12
117 13
117 19
117 24
117 26
117 27
117 30
117 37
117 38
117 46
117 51
117 54
117 58
117 59
117 60
117 61
117 62
117 65
117 66
117 68
117 70
117 72
117 73
117 74
117 80
117 82
117 83
117 84
117 86
117 91
117 93
117 98
117 102
117 104
117 105
117 110
117 113
117 116
117 120
117 121
117 124
117 128
117 131
117 136
117 140
117 141
118 3
118 4
118 5
118 7
118 9
118 13
118 18
118 21
118 23
118 25
118 27
118 31
118 38
118 42
118 43
118 50
118 52
118 53
118 54
118 62
118 64
118 73
118 74
118 75
118 78
118 82
118 83
118 87
118 88
118 96
118 98
118 99
118 101
118 102
118 107
118 109
118 114
118 121
118 129
118 130
118 131
118 135
118 136
118 139
118 140
118 141
118 142
118 147
118 1
118 8
118 14
118 17
118 20
118 24
118 28
118 29
118 30
118 34
118 36
118 37
118 41
118 46
118 49
118 51
118 57
118 58
118 59
118 65
118 66
118 69
118 70
118 71
118 72
118 77
118 80
118 86
118 91
118 92
118 93
118 95
118 97
118 103
118 110
118 113
118 116
118 119
118 122
118 124
118 128
118 132
118 137
118 143
118 145
119 2
119 5
119 8
119 9
119 10
119 12
119 20
119 24
119 25
119 28
119 31
119 32
119 34
119 37
119 40
119 41
119 44
119 53
119 56
119 63
119 66
119 67
119 70
119 72
119 75
119 77
119 79
119 80
119 83
119 86
119 89
119 90
119 93
119 94
119 95
119 99
119 100
119 101
119 106
119 113
119 127
119 133
119 135
119 141
119 143
119 144
119 147
119 1
119 6
119 14
119 16
119 17
119 18
119 19
119 21
119 27
119 33
119 35
119 36
119 38
119 42
119 46
119 47
119 48
119 49
119 52
119 57
119 58
119 60
119 61
119 64
119 65
119 78
119 81
119 82
119 85
119 88
119 92
119 98
119 103
119 105
119 107
119 116
119 118
119 120
119 121
119 122
119 125
119 128
119 129
119 130
119 131
119 132
119 134
119 136
119 137
119 138
119 146
119 148
120 2
120 5
120 6
120 8
120 14
120 15
120 16
120 18
120 19
120 21
120 22
120 23
120 26
120 29
120 33
120 34
120 35
120 37
120 38
120 39
120 42
120 43
120 44
120 45
120 47
120 48
120 52
120 53
120 55
120 60
120 64
120 67
120 70
120 75
120 79
120 82
120 83
120 84
120 85
120 86
120 88
120 94
120 97
120 99
120 100
120 104
120 105
120 108
120 109
120 110
120 111
120 112
120 113
120 116
120 134
120 138
120 148
120 1
120 3
120 10
120 11
120 17
120 20
120 25
120 27
120 28
120 31
120 36
120 49
120 59
120 63
120 71
120 74
120 76
120 77
120 81
120 87
120 89
120 90
120 91
120 92
120 95
120 96
120 98
120 102
120 103
120 106
120 117
120 119
120 122
120 124
120 128
120 140
120 141
120 142
120 143
120 144
121 1
121 2
121 3
121 4
121 7
121 10
121 13
121 14
121 17
121 18
121 19
121 23
121 25
121 28
121 30
121 34
121 36
121 37
121 40
121 41
121 44
121 48
121 52
121 53
121 55
121 57
121 59
121 60
121 63
121 66
121 69
121 72
121 73
121 77
121 79
121 83
121 84
121 86
121 87
121 91
121 103
121 104
121 109
121 111
121 112
121 118
121 123
121 128
121 130
121 132
121 136
121 140
121 141
121 142
121 144
121 5
121 6
121 8
121 9
121 16
121 21
121 24
121 26
121 27
121 29
121 31
121 35
121 43
121 45
121 54
121 56
121 58
121 64
121 65
121 70
121 75
121 78
121 81
121 82
121 88
121 95
121 99
121 107
121 110
121 113
121 114
121 117
121 119
121 124
121 129
121 131
121 133
121 134
121 135
121 146
121 148
122 1
122 6
122 9
122 15
122 16
122 17
122 18
122 19
122 20
122 23
122 26
122 28
122 31
122 33
122 36
122 37
122 42
122 43
122 44
122 45
122 46
122 50
122 51
122 54
122 57
122 61
122 63
122 70
122 71
122 72
122 75
122 80
122 84
122 86
122 90
122 92
122 95
122 100
122 105
122 109
122 110
122 111
122 112
122 114
122 115
122 117
122 125
122 127
122 128
122 130
122 135
122 144
122 145
122 3
122 8
122 11
122 12
122 13
122 21
122 25
122 29
122 30
122 32
122 35
122 40
122 48
122 53
122 56
122 59
122 60
122 62
122 64
122 66
122 68
122 69
122 74
122 77
122 78
122 82
122 83
122 87
122 89
122 91
122 93
122 97
122 99
122 101
122 102
122 104
122 108
122 118
122 119
122 120
122 123
122 126
122 131
122 132
122 136
122 138
122 139
122 141
122 143
122 148
123 3
123 4
123 10
123 16
123 17
123 21
123 23
123 27
123 30
123 31
123 32
123 37
123 38
123 44
123 45
123 46
123 47
123 48
123 49
123 51
123 53
123 57
123 59
123 62
123 63
123 67
123 68
123 69
123 72
123 73
123 74
123 77
123 78
123 79
123 80
123 81
123 90
123 93
123 100
123 102
123 103
123 105
123 106
123 107
123 110
123 112
123 114
123 116
123 121
123 130
123 138
123 139
123 140
123 144
123 147
123 149
123 5
123 6
123 7
123 8
123 11
123 13
123 15
123 18
123 19
123 22
123 28
123 29
123 34
123 39
123 40
123 42
123 43
123 50
123 58
123 60
123 61
123 65
123 70
123 71
123 75
123 82
123 83
123 85
123 87
123 91
123 98
123 113
123 122
123 124
123 127
123 129
123 131
123 134
123 136
123 137
123 141
123 143
123 148
124 9
124 12
124 14
124 17
124 20
124 21
124 22
124 25
124 27
124 32
124 33
124 36
124 49
124 50
124 55
124 57
124 59
124 61
124 67
124 68
124 69
124 75
124 82
124 83
124 86
124 88
124 95
124 96
124 97
124 98
124 100
124 102
124 114
124 116
124 126
124 134
124 136
124 139
124 142
124 143
124 146
124 2
124 8
124 16
124 24
124 26
124 28
124 29
124 30
124 31
124 35
124 38
124 39
124 40
124 41
124 42
124 44
124 45
124 48
124 52
124 54
124 56
124 58
124 62
124 63
124 65
124 66
124 71
124 74
124 76
124 77
124 78
124 79
124 81
124 84
124 85
124 90
124 91
124 93
124 99
124 101
124 104
124 105
124 106
124 107
124 108
124 109
124 110
124 112
124 117
124 118
124 120
124 121
124 123
124 125
124 127
124 130
124 132
124 137
124 141
124 147
125 2
125 5
125 7
125 11
125 12
125 13
125 22
125 23
125 26
125 27
125 31
125 35
125 36
125 39
125 41
125 48
125 52
125 55
125 56
125 57
125 59
125 60
125 62
125 64
125 67
125 68
125 77
125 80
125 81
125 82
125 84
125 86
125 88
125 93
125 94
125 95
125 98
125 102
125 103
125 109
125 111
125 115
125 117
125 122
125 126
125 132
125 133
125 135
125 136
125 137
125 143
125 144
125 146
125 147
125 148
125 3
125 4
125 6
125 8
125 9
125 10
125 16
125 20
125 24
125 29
125 38
125 40
125 43
125 58
125 65
125 66
125 70
125 76
125 83
125 89
125 90
125 96
125 101
125 105
125 107
125 108
125 110
125 113
125 114
125 116
125 119
125 124
125 128
125 138
126 3
126 6
126 7
126 9
126 10
126 13
126 15
126 16
126 21
126 25
126 27
126 29
126 31
126 33
126 34
126 38
126 39
126 41
126 46
126 55
126 56
126 58
126 59
126 60
126 61
126 64
126 69
126 70
126 73
126 77
126 81
126 85
126 91
126 92
126 95
126 97
126 98
126 105
126 106
126 107
126 108
126 114
126 115
126 116
126 124
126 125
126 127
126 128
126 130
126 136
126 139
126 142
126 144
126 146
126 148
126 149
126 1
126 4
126 5
126 12
126 14
126 20
126 23
126 24
126 35
126 36
126 37
126 40
126 43
126 45
126 51
126 52
126 53
126 57
126 62
126 68
126 72
126 75
126 78
126 84
126 86
126 87
126 88
126 100
126 102
126 104
126 110
126 112
126 122
126 132
126 134
126 137
126 138
126 145
126 147
127 1
127 2
127 3
127 6
127 7
127 14
127 16
127 22
127 27
127 30
127 34
127 35
127 42
127 44
127 48
127 49
127 50
127 54
127 60
127 63
127 70
127 72
127 77
127 78
127 82
127 83
127 85
127 86
127 87
127 88
127 90
127 91
127 92
127 93
127 94
127 96
127 100
127 101
127 103
127 107
127 108
127 117
127 119
127 122
127 126
127 130
127 131
127 136
127 137
127 138
127 141
127 142
127 148
127 149
127 4
127 5
127 8
127 11
127 12
127 13
127 19
127 24
127 25
127 29
127 32
127 38
127 39
127 43
127 55
127 56
127 59
127 61
127 62
127 66
127 68
127 74
127 75
127 80
127 81
127 99
127 104
127 109
127 110
127 111
127 112
127 123
127 124
127 129
127 132
127 133
127 134
127 140
127 146
127 147
128 1
128 5
128 9
128 16
128 18
128 20
128 21
128 26
128 27
128 28
128 32
128 34
128 35
128 38
128 42
128 44
128 45
128 47
128 49
128 51
128 54
128 58
128 63
128 66
128 68
128 69
128 72
128 76
128 78
128 79
128 85
128 87
128 88
128 90
128 91
128 92
128 93
128 95
128 106
128 107
128 112
128 121
128 122
128 126
128 132
128 133
128 139
128 141
128 142
128 143
128 145
128 3
128 4
128 14
128 15
128 17
128 22
128 23
128 24
128 25
128 31
128 37
128 41
128 48
128 52
128 55
128 57
128 59
128 62
128 70
128 77
128 80
128 81
128 83
128 86
128 89
128 94
128 98
128 100
128 103
128 104
128 105
128 110
128 111
128 113
128 115
128 117
128 118
128 119
128 120
128 125
128 134
128 136
128 137
128 146
128 147
129 1
129 5
129 9
129 10
129 15
129 16
129 23
129 27
129 28
129 33
129 35
129 37
129 39
129 44
129 46
129 47
129 48
129 49
129 58
129 59
129 60
129 61
129 62
129 70
129 71
129 82
129 83
129 85
129 86
129 87
129 92
129 94
129 101
129 102
129 104
129 105
129 108
129 115
129 117
129 118
129 132
129 134
129 136
129 139
129 140
129 142
129 144
129 145
129 2
129 3
129 4
129 6
129 8
129 11
129 13
129 14
129 18
129 20
129 26
129 29
129 30
129 32
129 34
129 51
129 52
129 54
129 55
129 56
129 57
129 66
129 72
129 73
129 74
129 81
129 84
129 89
129 93
129 98
129 99
129 109
129 111
129 119
129 121
129 123
129 127
129 131
129 135
129 138
129 143
129 147
129 148
130 1
130 7
130 9
130 10
130 14
130 18
130 19
130 20
130 23
130 28
130 31
130 33
130 35
130 36
130 39
130 40
130 42
130 43
130 51
130 54
130 62
130 65
130 66
130 67
130 68
130 75
130 76
130 78
130 79
130 82
130 84
130 85
130 87
130 90
130 91
130 92
130 97
130 107
130 108
130 114
130 118
130 121
130 122
130 123
130 126
130 127
130 131
130 135
130 139
130 142
130 144
130 145
130 146
130 3
130 8
130 13
130 15
130 17
130 22
130 24
130 25
130 29
130 30
130 37
130 38
130 45
130 46
130 52
130 55
130 60
130 63
130 70
130 73
130 74
130 81
130 83
130 86
130 88
130 89
130 93
130 94
130 95
130 102
130 103
130 105
130 106
130 110
130 111
130 112
130 113
130 115
130 119
130 124
130 138
130 141
130 143
130 147
131 1
131 4
131 6
131 12
131 13
131 14
131 22
131 24
131 25
131 26
131 37
131 38
131 40
131 41
131 43
131 44
131 45
131 46
131 47
131 48
131 53
131 54
131 58
131 60
131 66
131 76
131 82
131 84
131 85
131 86
131 88
131 89
131 93
131 97
131 98
131 104
131 106
131 115
131 118
131 127
131 130
131 133
131 135
131 137
131 141
131 142
131 143
131 146
131 148
131 149
131 2
131 8
131 9
131 10
131 20
131 21
131 23
131 28
131 29
131 31
131 32
131 34
131 35
131 39
131 49
131 51
131 55
131 59
131 64
131 67
131 70
131 71
131 72
131 73
131 78
131 80
131 81
131 87
131 92
131 95
131 96
131 100
131 111
131 113
131 114
131 116
131 117
131 119
131 121
131 122
131 123
131 129
131 134
131 139
131 145
131 147
132 4
132 7
132 8
132 9
132 10
132 12
132 20
132 28
132 33
132 34
132 39
132 41
132 43
132 44
132 49
132 50
132 52
132 53
132 55
132 57
132 58
132 59
132 62
132 63
132 65
132 67
132 68
132 69
132 71
132 74
132 75
132 76
132 77
132 79
132 80
132 94
132 95
132 96
132 101
132 104
132 106
132 109
132 111
132 112
132 114
132 121
132 125
132 128
132 129
132 134
132 139
132 141
132 142
132 1
132 13
132 15
132 16
132 17
132 19
132 21
132 22
132 23
132 24
132 27
132 30
132 32
132 35
132 36
132 37
132 38
132 42
132 46
132 48
132 60
132 61
132 64
132 73
132 78
132 84
132 85
132 86
132 87
132 91
132 93
132 100
132 103
132 105
132 107
132 110
132 116
132 118
132 119
132 122
132 124
132 126
132 127
132 135
132 136
132 137
132 140
132 143
132 144
132 145
132 146
132 147
133 5
133 9
133 13
133 14
133 19
133 23
133 27
133 29
133 30
133 33
133 34
133 35
133 41
133 43
133 45
133 50
133 51
133 53
133 63
133 66
133 69
133 70
133 74
133 75
133 82
133 85
133 86
133 87
133 91
133 93
133 95
133 101
133 102
133 105
133 107
133 108
133 111
133 119
133 125
133 128
133 131
133 135
133 143
133 147
133 149
133 1
133 2
133 10
133 15
133 18
133 20
133 22
133 24
133 25
133 26
133 28
133 32
133 36
133 40
133 46
133 49
133 54
133 58
133 59
133 65
133 67
133 71
133 73
133 76
133 81
133 84
133 90
133 92
133 94
133 96
133 98
133 109
133 110
133 115
133 121
133 127
133 134
133 136
133 137
133 138
133 146
133 148
134 1
134 3
134 4
134 6
134 12
134 18
134 20
134 23
134 25
134 28
134 32
134 33
134 34
134 35
134 36
134 37
134 38
134 41
134 42
134 43
134 46
134 47
134 48
134 50
134 53
134 61
134 67
134 73
134 81
134 83
134 89
134 90
134 93
134 98
134 100
134 104
134 111
134 112
134 114
134 120
134 124
134 129
134 132
134 135
134 137
134 139
134 140
134 141
134 144
134 146
134 147
134 148
134 149
134 2
134 5
134 11
134 13
134 15
134 16
134 17
134 22
134 24
134 26
134 27
134 39
134 45
134 49
134 54
134 56
134 63
134 66
134 69
134 74
134 75
134 82
134 84
134 91
134 92
134 94
134 95
134 97
134 99
134 101
134 103
134 106
134 107
134 108
134 110
134 115
134 119
134 121
134 123
134 126
134 127
134 128
134 131
134 133
134 136
134 138
134 142
135 1
135 6
135 13
135 16
135 19
135 20
135 22
135 24
135 26
135 29
135 32
135 36
135 37
135 39
135 41
135 48
135 52
135 54
135 55
135 57
135 63
135 67
135 71
135 75
135 76
135 79
135 82
135 84
135 86
135 87
135 89
135 90
135 91
135 92
135 94
135 96
135 99
135 103
135 109
135 111
135 115
135 117
135 118
135 119
135 122
135 125
135 130
135 131
135 133
135 134
135 137
135 139
135 146
135 149
135 2
135 9
135 11
135 12
135 21
135 25
135 27
135 30
135 33
135 34
135 35
135 42
135 47
135 51
135 58
135 59
135 60
135 64
135 65
135 66
135 68
135 69
135 70
135 72
135 78
135 80
135 81
135 83
135 85
135 93
135 97
135 98
135 101
135 102
135 105
135 108
135 112
135 113
135 114
135 121
135 129
135 132
135 141
135 142
135 143
135 144
135 145
136 1
136 6
136 10
136 11
136 12
136 15
136 16
136 23
136 25
136 26
136 33
136 38
136 39
136 41
136 42
136 43
136 45
136 48
136 50
136 52
136 54
136 55
136 56
136 58
136 60
136 61
136 62
136 63
136 66
136 68
136 70
136 77
136 78
136 80
136 83
136 84
136 85
136 92
136 94
136 95
136 99
136 101
136 103
136 104
136 107
136 109
136 110
136 116
136 118
136 121
136 124
136 125
136 126
136 127
136 129
136 138
136 141
136 146
136 148
136 149
136 3
136 4
136 5
136 20
136 28
136 31
136 34
136 37
136 46
136 53
136 67
136 69
136 71
136 74
136 75
136 76
136 81
136 82
136 86
136 87
136 88
136 89
136 90
136 91
136 97
136 98
136 112
136 117
136 119
136 122
136 123
136 128
136 132
136 133
136 134
136 140
136 145
136 147
137 1
137 2
137 6
137 8
137 9
137 17
137 18
137 20
137 21
137 22
137 23
137 24
137 27
137 28
137 29
137 31
137 39
137 40
137 41
137 43
137 45
137 50
137 51
137 53
137 54
137 56
137 59
137 60
137 61
137 63
137 68
137 74
137 77
137 89
137 90
137 95
137 100
137 101
137 102
137 108
137 111
137 114
137 125
137 127
137 131
137 134
137 135
137 141
137 143
137 148
137 149
137 10
137 11
137 16
137 30
137 33
137 34
137 35
137 38
137 42
137 47
137 48
137 49
137 58
137 65
137 67
137 69
137 70
137 78
137 81
137 82
137 85
137 92
137 93
137 96
137 97
137 105
137 107
137 109
137 113
137 118
137 119
137 123
137 124
137 126
137 128
137 132
137 133
137 138
137 139
137 140
138 1
138 4
138 5
138 8
138 9
138 13
138 15
138 25
138 28
138 29
138 31
138 33
138 34
138 44
138 45
138 47
138 48
138 49
138 50
138 51
138 54
138 58
138 62
138 67
138 71
138 79
138 82
138 83
138 84
138 85
138 86
138 88
138 89
138 94
138 100
138 102
138 107
138 113
138 114
138 116
138 120
138 123
138 127
138 136
138 142
138 148
138 10
138 12
138 14
138 17
138 19
138 20
138 27
138 40
138 41
138 43
138 55
138 56
138 57
138 59
138 60
138 61
138 66
138 68
138 69
138 76
138 80
138 87
138 90
138 91
138 95
138 96
138 97
138 98
138 99
138 101
138 103
138 105
138 108
138 111
138 119
138 122
138 125
138 126
138 129
138 130
138 133
138 134
138 137
138 141
138 143
138 144
138 147
139 2
139 4
139 6
139 9
139 11
139 12
139 22
139 24
139 25
139 30
139 36
139 37
139 43
139 53
139 54
139 56
139 59
139 63
139 68
139 70
139 73
139 74
139 80
139 81
139 85
139 89
139 91
139 94
139 95
139 97
139 101
139 103
139 106
139 109
139 110
139 111
139 113
139 114
139 115
139 118
139 123
139 124
139 126
139 128
139 129
139 130
139 132
139 134
139 135
139 140
139 141
139 142
139 149
139 5
139 7
139 8
139 10
139 13
139 14
139 20
139 21
139 23
139 28
139 29
139 35
139 39
139 45
139 50
139 51
139 57
139 58
139 60
139 62
139 64
139 65
139 71
139 72
139 75
139 78
139 83
139 87
139 96
139 100
139 104
139 116
139 122
139 131
139 137
139 143
139 144
139 148
140 7
140 8
140 14
140 17
140 18
140 22
140 26
140 37
140 38
140 46
140 49
140 51
140 52
140 56
140 57
140 62
140 67
140 69
140 75
140 78
140 80
140 83
140 86
140 90
140 91
140 93
140 100
140 103
140 104
140 106
140 108
140 109
140 110
140 111
140 113
140 114
140 118
140 121
140 123
140 129
140 134
140 139
140 141
140 144
140 146
140 148
140 1
140 11
140 12
140 13
140 16
140 19
140 25
140 28
140 31
140 33
140 34
140 36
140 40
140 43
140 44
140 47
140 59
140 60
140 61
140 66
140 68
140 71
140 73
140 77
140 79
140 82
140 84
140 88
140 98
140 107
140 112
140 117
140 120
140 127
140 132
140 136
140 137
140 142
140 143
140 145
140 147
141 3
141 5
141 9
141 11
141 14
141 15
141 19
141 20
141 21
141 22
141 27
141 32
141 34
141 35
141 36
141 37
141 40
141 45
141 48
141 49
141 51
141 53
141 58
141 63
141 66
141 68
141 69
141 70
141 73
141 76
141 80
141 86
141 90
141 91
141 92
141 96
141 98
141 103
141 106
141 109
141 110
141 114
141 118
141 119
141 121
141 127
141 128
141 131
141 132
141 134
141 136
141 137
141 139
141 140
141 142
141 144
141 149
141 4
141 6
141 7
141 8
141 16
141 23
141 28
141 29
141 31
141 33
141 38
141 42
141 43
141 46
141 47
141 50
141 52
141 59
141 62
141 71
141 74
141 77
141 85
141 87
141 94
141 95
141 100
141 102
141 104
141 107
141 115
141 116
141 117
141 120
141 122
141 123
141 124
141 130
141 135
141 138
141 145
141 146
142 2
142 4
142 7
142 8
142 9
142 12
142 15
142 18
142 19
142 20
142 25
142 28
142 31
142 33
142 34
142 37
142 39
142 48
142 51
142 53
142 55
142 58
142 69
142 71
142 73
142 80
142 84
142 85
142 87
142 88
142 94
142 95
142 97
142 100
142 102
142 103
142 114
142 117
142 118
142 121
142 124
142 126
142 127
142 128
142 129
142 130
142 131
142 132
142 138
142 139
142 141
142 144
142 146
142 149
142 1
142 3
142 5
142 6
142 10
142 11
142 14
142 16
142 21
142 24
142 26
142 30
142 35
142 36
142 40
142 44
142 46
142 49
142 54
142 57
142 62
142 64
142 66
142 70
142 74
142 75
142 76
142 77
142 78
142 79
142 89
142 90
142 91
142 92
142 93
142 96
142 101
142 104
142 105
142 107
142 108
142 109
142 110
142 112
142 113
142 116
142 120
142 134
142 135
142 140
142 143
142 145
142 147
143 2
143 7
143 11
143 12
143 14
143 19
143 21
143 22
143 23
143 24
143 25
143 32
143 33
143 37
143 42
143 43
143 45
143 50
143 51
143 56
143 61
143 62
143 66
143 67
143 68
143 71
143 78
143 79
143 82
143 83
143 84
143 88
143 93
143 95
143 96
143 97
143 100
143 103
143 104
143 105
143 107
143 108
143 109
143 110
143 114
143 116
143 117
143 119
143 124
143 125
143 128
143 131
143 133
143 137
143 146
143 1
143 3
143 4
143 5
143 6
143 8
143 13
143 18
143 20
143 27
143 29
143 34
143 36
143 39
143 40
143 48
143 49
143 52
143 55
143 58
143 65
143 70
143 75
143 77
143 80
143 87
143 89
143 92
143 94
143 102
143 111
143 112
143 113
143 115
143 118
143 120
143 122
143 123
143 129
143 130
143 132
143 135
143 138
143 139
143 140
143 142
143 145
143 147
143 148
144 4
144 8
144 10
144 13
144 14
144 17
144 18
144 20
144 22
144 26
144 29
144 31
144 33
144 36
144 37
144 41
144 44
144 46
144 47
144 55
144 59
144 64
144 76
144 80
144 81
144 82
144 83
144 84
144 86
144 89
144 90
144 95
144 96
144 97
144 98
144 101
144 102
144 108
144 112
144 114
144 116
144 119
144 121
144 122
144 123
144 125
144 126
144 129
144 130
144 134
144 140
144 141
144 142
144 146
144 149
144 5
144 6
144 7
144 12
144 19
144 23
144 24
144 25
144 27
144 32
144 34
144 35
144 39
144 40
144 43
144 50
144 51
144 52
144 56
144 61
144 63
144 67
144 68
144 72
144 74
144 75
144 77
144 78
144 99
144 100
144 105
144 106
144 110
144 120
144 132
144 135
144 138
144 139
144 148
145 2
145 5
145 14
145 16
145 17
145 18
145 21
145 31
145 32
145 38
145 40
145 43
145 47
145 52
145 56
145 57
145 60
145 63
145 64
145 67
145 68
145 74
145 86
145 88
145 89
145 91
145 92
145 94
145 102
145 103
145 109
145 110
145 122
145 128
145 129
145 130
145 148
145 4
145 6
145 7
145 8
145 9
145 10
145 13
145 15
145 19
145 20
145 22
145 26
145 29
145 34
145 35
145 42
145 44
145 45
145 48
145 50
145 54
145 55
145 59
145 61
145 62
145 66
145 69
145 70
145 73
145 78
145 79
145 81
145 82
145 83
145 85
145 96
145 97
145 98
145 101
145 104
145 108
145 111
145 112
145 113
145 114
145 118
145 126
145 131
145 132
145 135
145 136
145 140
145 141
145 142
145 143
145 147
146 3
146 5
146 6
146 7
146 8
146 9
146 11
146 12
146 16
146 17
146 23
146 26
146 27
146 35
146 39
146 40
146 43
146 45
146 47
146 49
146 51
146 52
146 53
146 54
146 55
146 56
146 62
146 64
146 65
146 66
146 68
146 69
146 72
146 73
146 78
146 85
146 86
146 91
146 92
146 97
146 101
146 104
146 107
146 112
146 113
146 117
146 124
146 125
146 126
146 130
146 131
146 134
146 135
146 136
146 140
146 142
146 143
146 144
146 147
146 148
146 149
146 2
146 4
146 10
146 14
146 19
146 24
146 30
146 32
146 34
146 44
146 46
146 57
146 60
146 61
146 67
146 76
146 79
146 82
146 84
146 90
146 93
146 94
146 95
146 96
146 98
146 110
146 115
146 119
146 121
146 127
146 128
146 132
146 133
146 141
147 6
147 17
147 18
147 24
147 30
147 36
147 37
147 39
147 42
147 50
147 51
147 56
147 60
147 61
147 62
147 63
147 65
147 67
147 68
147 70
147 72
147 76
147 77
147 78
147 79
147 85
147 86
147 87
147 90
147 94
147 95
147 97
147 98
147 103
147 104
147 105
147 109
147 110
147 113
147 118
147 119
147 123
147 125
147 133
147 134
147 146
147 148
147 149
147 4
147 10
147 11
147 13
147 15
147 21
147 22
147 23
147 26
147 28
147 32
147 34
147 38
147 45
147 49
147 52
147 54
147 55
147 59
147 64
147 66
147 71
147 73
147 74
147 80
147 81
147 84
147 92
147 96
147 100
147 102
147 111
147 112
147 124
147 126
147 127
147 128
147 129
147 130
147 131
147 132
147 136
147 138
147 140
147 142
147 143
147 145
148 3
148 5
148 9
148 11
148 14
148 21
148 26
148 29
148 32
148 34
148 43
148 50
148 52
148 54
148 57
148 58
148 59
148 60
148 62
148 63
148 64
148 67
148 72
148 75
148 77
148 78
148 79
148 81
148 82
148 83
148 85
148 88
148 90
148 91
148 93
148 94
148 95
148 98
148 101
148 103
148 104
148 105
148 112
148 115
148 117
148 120
148 125
148 126
148 127
148 131
148 134
148 136
148 137
148 138
148 140
148 145
148 146
148 147
148 2
148 10
148 12
148 15
148 16
148 22
148 23
148 24
148 27
148 33
148 37
148 46
148 47
148 55
148 56
148 66
148 68
148 70
148 80
148 86
148 87
148 96
148 99
148 100
148 102
148 107
148 109
148 110
148 111
148 113
148 119
148 121
148 122
148 123
148 129
148 133
148 139
148 143
148 144
149 1
149 2
149 3
149 4
149 6
149 10
149 17
149 18
149 19
149 20
149 22
149 23
149 25
149 26
149 27
149 28
149 30
149 32
149 34
149 35
149 36
149 37
149 41
149 45
149 46
149 47
149 48
149 49
149 50
149 53
149 54
149 55
149 58
149 60
149 61
149 62
149 63
149 64
149 66
149 67
149 68
149 71
149 73
149 74
149 76
149 77
149 79
149 81
149 83
149 84
149 85
149 87
149 90
149 92
149 93
149 96
149 98
149 99
149 100
149 103
149 104
149 108
149 109
149 110
149 111
149 113
149 114
149 116
149 117
149 123
149 126
149 127
149 131
149 133
149 134
149 135
149 136
149 137
149 139
149 141
149 142
149 144
149 146
149 147
