4.29
10111001101001111101101001010010010100010101010111011000101000110101000000110101100010111111100110100111000001011000101110000001010010000001010001111001111100111011010011101011110011001111000101101010
4.35353535354
11100110000000000000110001100000000001111001011101010101001010110010101111000101011010000011010111110101010111011001101000001011100101111010110111001011100101011010011000101000011111111001111100101001
4.22
10100001101100111111001110000000100000110100000000001011101100111100001000010011111100100100110111110110111010110010110011000001100001101011100001111011110000110110000000111111111111111111010000010001
4.26804123711
10110010000100100101011110001111101110110101000111101001000011100111101001011100000001001100001011110010111100101011101101001101000011001111001011101101000101001101001101011001011101010101110100101001
4.26262626263
11101100110010011110001001010100110000001000010010010110011011000011010000010001101110111011001010110101011111110101010111101000000001011111110110000001110111101010000100011010001011111011101011000111
4.21
10101100110010110011000011001110011011011000110111000110111011001011001001100110110101010000111101101100101001010110110000100110110010000110011001110000000110000000111111001011010011010001101110101011
4.28282828283
11010011010010001101010011011001100100000001101110101110110100111101110100101110001101000111110010000011100110110010001110111100000000101100001011011111101000101100100011100111111001010101101101100000
4.32
10101001000101111101101011001111010100011100000111110010111110110110110000011011000111111110101000010100111010000010101011101000100101010011110000110100000011110101110000011001110100000011001001100110
4.31
11111100001000100000101110100110000011001000001110010101100011000001110010101101100110000111000110111111001011010011101100011100110111111111100010100001110000000011001001110110010001111111111001000011
4.35
11111000101110110011110000111110000000011100111111110110010100100010010100010000000010101010100110100100100000011111001100010110001010101100000000000110111110110110101101101100111000101011110111111101
4.20202020202
11101110111000110101110000110001000000010101011100101111001001000010110010000101001111111000110010110011100001010000010110101101101101111111110000001100111100111100100001001011101011001001110011101001
4.32653061224
11100101100101010000011110100001010010000010011101011000011101100100111100101100101101100111111001010111010110001010011111101010011101101101100000010000011011100111110011000111111001011001000000011011
4.35
11101000110010011011100110110010011000001111101001101011101101100001000010000010100110110110110000111101011011000010111000111000111101111001001011011000010000110001010111111011110000110000000101011101
4.25
10010100110111100101111110101001110010011010101100110000010010100101111100011011110010000010010011111001001000001011001110100011011001001101100000101010110011000100001010111010010101011101011001111011
4.26
10011111000110100111100110101110011000100010111010100110001100100011101011001001111011110100101111011001011111100000001111100001011110011101000100011100010010010010010101110001000001001100110010101001
4.20202020202
10101010110010000101001011111110000100111101101111101010110001100010100010100000000101000010011011001001000011010011111101011010111000001001011111100001110011010111111100011100111100111101110000101000
4.24242424242
10011100001011100000011111100100000110101101100010010010011011100010011010100101010000001010110110110000001000010010011110001111110010000011111111111111011011000100001101001010001010101110100110111111
4.26
11001001000110110000101100000001111101101110101010110010100101011011110110011000010001100110111011011001100000011011101000101000111001100001011010101111111001111000010111100100011011011000001100110100
4.36
11101100110100110111100100101010110100001011010010100111110001100001110010010011011101111001000000110110101100111110101011010010011000001010110010000110101000111101010000110101010110000110100101101101
4.31313131313
10101010101000010001010010011101100000110101100011110100010011100111111011100010011010010011000010100110110011111001111010011011010101000110110011011010101101011101101000101010100010001010111100000111
4.24
11111011101011110110001001010110111011110010110111011010000001101001111100001001011111100110110010101101000001010111000000001010001110010100001011000101111101000110001110101001111001100100000100000110
4.24
10101010110000011001001011100111111011100010010101110100010001100110001001001001101101100100100110111010100001111100000100000000110111110100011110011101110011001110101011001100010101001101100110110110
4.15
10111100001100010011001011101011010110010110101101111010011000001011001010111000000000110010100010101000011000001100111001110111100011110011011011111001010100011010011101111100000001110010110101110100
4.29
11000100001111000101001101000110001101001110101110111101001101010101111011101011100000011001100010100101000010000001001011000101000010011110011111100101100110001001010011111001110011111111011010010010
4.25252525253
10010111100000000001111100011100000101011000110101001001010010110010010111000000000010101111001111010100010111100110001110000010101001111001010110101000101111111111010011111111111001010111100110000011
4.30612244898
10011110010000011000110110001110001000110111001101011010010011110000111001000100001101000000101100001101111111101011110001001101111100000101010001010111010110110101111101111001000011111100100111011000
4.29591836735
10011000011100111001111101010111000100110101001010101111100000010011110110100101001001110010111000100000110110000110000010101000100001110101010101011000011010010011110010110111001111011101101100110000
4.23232323232
11100000000110001100111111001101010000011101010001000101000111100111000101001001111100101010101010101011001111101101001001111111100001001111010000001111000111101110001101111010101001000100010000010011
4.24242424242
11101010110010010001101001001110001101001000100100001010010011101000111101100111111001100110001111100111110000100000111110001000011011000010000100101100111001110111000111011101101010010011110111111000
4.31313131313
10000100100011010100101100100000111111101101101111111110001100010001010111110100000110100110101110010001100001010011000001101111000100011101000110101000011101010010111011010011101001011001011111011010
