1.63157894737
1100110100101011100001110001111000010010
1.65
1111011010100000001110111001010100010110
1.7
1010001001001011010101011011001110100110
2.21052631579
1101110000011101001011100100010110111001
2.27777777778
1100110011001010100010101110010000110010
2.2
1001001000100000101011111000011110101111
2.27777777778
1100100011010001100101110011111010000000
2.26315789474
1100011111001011100000111001110110001100
2.42105263158
1100100000111011110011100110011001000100
2.26315789474
1010010000101100101100010011011001100111
2.15
1011111001111011100010000101110000010100
2.15
1100110100110111100110100011010111000000
2.44444444444
1110000100101011101110001100011110110101
2.2
1100100010111110100011111100000010100101
2.22222222222
1010111001111011110000100011011110000011
2.25
1101001001010000011110111110000110100110
2.15
1111100101101000011100100011011000001011
2.25
1101001100000000111111100100011111011000
2.25
1111011011111000001101101100100011000000
2.15789473684
1100010001011010111111100011010000110000
2.5
1000110110011111101000010110101001010100
2.3
1110101110110001100010010010110001101100
2.25
1000010101010100111100110001001110111001
2.05555555556
1010011001101001101110010000100101001100
2.38888888889
1011011111011011010100001011100010011001
2.10526315789
1010011100011100110001100101001110110110
2.25
1100011101101100000010110101001001110011
2.36842105263
1110100000110111101100010010110001100111
2.05
1011100000010110111101010010100101001101
2.05263157895
1111110111001010100001011101001000110010
2.2
1110001100111000010101010100011100110110
2.10526315789
1101111011110100001100101000110110010010
2.36842105263
1001000111101001010101010011110110001011
2.15
1010000001111011001110110000101010011101
2.31578947368
1110001010111100110001010110010011110010
2.36842105263
1100001101111100110110111000100000010010
2.2
1000100101101111111011110110000001000010
2.1
1000000101001001011111011110011110000101
2.15
1000010100111011110101100011100010110001
2.22222222222
1100101010001011011001111001011100000000
2.16666666667
1100001111101101100100011010110011011100
2.10526315789
1100101001101110110001111100001011010100
2.17647058824
1111011011011111101010000100101010010110
2.10526315789
1101111010000011010001111001010011000010
2.16666666667
1010001001011011001011001100100111001000
2.21052631579
1010100011011110100010101010110001100001
2.05
1110011001010111111000110001000011010100
2.21052631579
1001010011011110001010000100101111101000
2.41176470588
1011101010111111000010101010110101010110
2.23529411765
1010101000011101100001010010110101000001
2.35
1100001101010000011110010100101101011110
2.35
1010111000011101101011010001001110001001
2.42105263158
1111110010011110011001001010100001000100
2.1
1101010101011010100101111100000110001001
2.38888888889
1010110001111110011011010011110001001010
2.3
1001010100011010111010010110111000101100
2.22222222222
1010001101001001010111010010111101011110
2.21052631579
1010000011011011011001110011100110001110
2.36842105263
1110011010101110101000000101110011001110
2.23529411765
1000001101110011010000001110110010001001
2.0
1100011111100110101101110100000011000010
2.2
1011111000000001111101010100000110101011
2.15
1000100001011001111110110010110100010110
2.38888888889
1011110010000011010111101111001100111000
2.26315789474
1110000011010111000001011100100111001111
1.95
1100111010010101000110001001011001011110
2.2
1110100011111101100101010001101010000100
2.11111111111
1001011001000001100101110000100111011100
2.5625
1000000000000010101111110100000011111100
2.44444444444
1010110110110101010111001100011111010000
1.95
1010000001001110111011100011100101100101
1.89473684211
1110011101100001100101110000000101010110
2.33333333333
1001000001001111100111010000101010100101
2.29411764706
1111111101001000001010010110101011100111
2.31578947368
1100101011001101100010111011100001001101
2.2
1101000111111100000111100010110010000101
2.26315789474
1100000001111110111001010011101000000011
2.23529411765
1000011101111011000011000110111111101001
2.0
1000101001010101100010010001111111100101
2.38888888889
1101110001010101001110110101100100011011
2.23529411765
1011101000111110100000001111101111101001
1.95
1010000001010110110010011101001111100101
2.26315789474
1000001100001011100010100001101111101101
2.29411764706
1001011011011000000001001010100100011101
2.31578947368
1001110110000010011111011001011100101100
2.44444444444
1110111000101101101110110000101001010101
2.15
1000110010000111110001111101000100101101
2.05
1100100001100111100001110100111001011001
2.35
1010101000110101101100110110100001001110
2.25
1011111010011001010010101011010000011010
2.22222222222
1111000111110000011010100110110000110111
2.05263157895
1111001010100101110101100000000101101100
2.21052631579
1100011000001011101000111011010010110010
2.31578947368
1011101011011010000001011110001100101000
2.05263157895
1101010111111001010110101000010010011100
2.21052631579
1100000001111111100111101100010001101100
2.15
1011001100011101010110010100110010110100
2.05
1111110001101011100010001101010000110010
2.44444444444
1111001011100111111000011111010000010010
2.21052631579
1101101011001111000000000111001010101111
2.1
1111001000000110010110110011010011010110
2.16666666667
1111001011000100001001110111001011100111
2.31578947368
1100000110100111101011100101111000011001
2.27777777778
1101111101101010101000100100011010001111
2.26315789474
1000101100111101000100011110111001100110
1.88888888889
1110011010000100001001111001000101010110
2.11111111111
1000010101100001100001110100111100001101
2.26315789474
1111100100001100100001110111011010100101
2.21052631579
1111001010010001110101110000111110000110
2.27777777778
1110110010010011000101010110100100111111
2.47058823529
1101011011011101001010011001001011111001
2.5
1010000110010101100111101010100010001100
2.3
1111101101010011100101100001101000001010
2.26315789474
1101001110101000001100110101011010101101
2.41176470588
1001101110010001100010111001111101011101
2.3
1010111110110000010011110010001010110100
2.26315789474
1100111000000100011011100101011100011100
2.33333333333
1111010000001110010001011110100101101111
2.2
1101101111001011110000010001101001001001
1.95
1100110110101000001111101101011100010000
2.35
1001000111011011100001001011100011011010
2.15
1100010100010100110010100101101011101011
2.44444444444
1001010110111101001100001001101111011010
1.73684210526
1000110100110001110011110001011010000110
1.72222222222
1010001001001100101011110011110101001111
1.78947368421
1100100111111101000100001110110010101001
1.7
1010101100100111100000111001011001100110
1.68421052632
1100110011101111101100111000011000110000
1.73684210526
1100101100111111100101100000011011010100
1.7
1011101010010100010000010100101111101101
1.68421052632
1000101100100110100001110101011101100001
1.7
1100110100100100101011110101011100010100
1.66666666667
1010000000010100111011110111101101101101
1.68421052632
1010101100100101110101110111011101000000
1.75
1010101000101101100001110011010101100110
1.7
1011100110100111000100001111011000100101
1.7
1010001000110110111011010010001101000111
1.73684210526
1101110111101011010100011010011000110000
1.65
1101110011000101101110101001001100010010
1.65
1100110100101101110101110001011000110000
1.65
1100111111101101100100100100010011000010
1.65
1001001110101001100101111000110100001101
1.7
1010001100111000010111010011101100100110
1.6
1010001000011101111011110000010111000110
1.75
1100110001001111111011111010001000000100
1.6
1000101101011011001011010000111110001100
1.65
1000001100101111100001010101011111101000
1.63157894737
1010001001000100010001010111101111100110
1.65
1010111010000100111011100011010101000110
1.55
1010011001001111100001110001001101010110
1.7
1010100100100111110001010011011100010101
1.8
1000110001011011001110000011101010110011
1.75
1101010010001111101100100001111000111000
1.73684210526
1010001011110100010011110010100111000100
1.63157894737
1011001000010100010011010111101010101111
1.75
1100100011011011100101110000110010110100
1.63157894737
1100110110101111101110001000010001000100
1.75
1001100110101111100101100000011110110000
1.75
1010001010011010000011011110000111100111
1.78947368421
1010001001001110100000110001111101010110
1.73684210526
1111001011011110110100010001100001010110
1.7
1011111010000100111010011010001101010100
1.75
1001011011100100101011111000000101010110
1.78947368421
1011000010011100110001010110101001111101
1.72222222222
1010001101111010100001110110110111001001
1.72222222222
1101110101001111101100001001111001011000
1.65
1000101001011101110110011000110101001100
1.6
1000100100110111110111110110010010000100
1.5
1100111101101001100101111000011000010010
1.73684210526
1100100101111111110110000010111001000001
1.7
1000001100111111100101110010011001001001
1.75
1001100111101011001101101000111000101000
1.78947368421
1111100110100011000101011100010101100101
1.68421052632
1100110100101111101110010001010000010100
1.73684210526
1000000100111011010101110010011100100101
1.7
1101011011011011001110000000100111001010
1.65
1000011001011001101111110001000011010110
1.65
1001101110001111100101101001011100010000
1.63157894737
1000101101011111100101110100011110000100
1.7
1010001010010101111011110110000110100001
1.75
1010000101110100001011010110111010100101
1.6
1000100100101011110001110111011000110001
1.84210526316
1010001100001000100011110111011110001111
1.83333333333
1010010000000100111010100011010100011111
1.75
1000111001010101100010111001011011000110
1.63157894737
1000001100001110100001111000111101101100
1.7
1101111011001110101000101000011001010001
1.73684210526
1010001000010111011011010110100010001101
1.68421052632
1011001001011011010111010110100111000100
1.75
1100101101100100110001110010011100100101
1.65
1101110011000101101111101010010000010010
1.65
1011010010011000011010001111100010010111
1.75
1000101000111110100011110100110111001000
1.68421052632
1100011101111001100101110000110100010110
1.78947368421
1101101100100001100001110100111110101001
1.75
1000101100100111110100010010011101001011
1.75
1010001001111000110010000111000111001111
1.65
1000010001001111111111110001000100011100
1.6
1100111101101011000001100100011110110000
1.73684210526
1100011101001010101001111001111100010010
1.68421052632
1100000101110001110101110100010110001001
1.65
1011000010010000011010011111000110110111
1.70588235294
1000110100101011100110101001011000000100
1.6
1010001100110011010111010100011010100101
1.7
1111001011000000010111011110000110001110
1.7
1010011000010111111011010010000111001100
1.7
1010001000011101110111110010100100100110
1.8
1100010100110000001011110101111010100101
1.75
1010001000111001010111011010100101001110
1.65
1100101100100111101001111000011100100100
1.55
1010011010000100111011011011001001100110
1.83333333333
1000001101111011100110110001011011100110
1.8
1110011010110100011010011010000010010111
1.7
1011010000010101011011011011100001010110
1.7
1010010001011100110010000011101001011111
1.68421052632
1000001001011110110111110000110001100100
1.7
1100110100100011001101111001010000110011
1.65
1000110101111011100110110100011000000101
1.52631578947
1000001101111001100001110000111110100100
1.73684210526
1111011010010000010010010111100011011110
1.84210526316
1010101000101100110011010010111101001101
1.65
1100001001011011000101010101101111100001
1.77777777778
1101110110100101111101101001010001010001
1.7
1100011101111011000100000100110111001001
1.68421052632
1100100001011111100110111000110000010100
1.65
1011010011011100011010000110100000111101
1.75
1110011000010000010001110111000111110110
1.78947368421
1010001010010000100001110110100101101111
1.75
1100100100110011110101101000110110001001
1.75
1100111001001111101000101000011001011100
1.8
1010010000100100111010110110000110101111
1.73684210526
1100101100101111000101011000111101010100
1.75
1000000001011011101011111010100010101101
1.73684210526
1000110101111011100011110000011100100110
1.73684210526
1101100011011011000101011001101000110000
1.75
1001000001011011001010011101101010110101
1.6
1100001100100111101101110100010110001001
1.7
1000100100110101111011010010011010010101
1.63157894737
1101100111101011001100001110110000101001
1.78947368421
1000100100111011100101010101111011100100
1.65
1000000101101111101101100001111001001100
1.7
1101110101100000001010011001011000011111
1.65
1011001001011100100010010001100001111111
1.73684210526
1100111111100001101100011001011010010010
1.73684210526
1000011100111110100011110001011101010010
1.73684210526
1100001111101001100101110000110010010100
1.73684210526
1100110101011101100101110001011000010110
1.84210526316
1100110001111111101010101000110110001000
1.65
1100100100100001001111110110011000110101
1.72222222222
1010001100010000111111110110110110001101
1.6
1010000001111001110111110010110100001100
1.75
1101000111111001001111010000100100001101
1.73684210526
1101101001100111100001110000010101011000
